Constants: Calcium
            A = 40
            Q = 20
            R = 3.76194708269
            a = 0.55
  Converged C = 0.0740085806517

node   sum(m=0)    sum(m=2)       C       rms radius
----  ----------  ----------  ----------  ----------
   1  2.7104E+00  2.7104E+00  3.52938603  0.55000000
   2  5.0775E+01  5.8593E+02  0.18840100  1.86836902
   3  1.5509E+02  5.6353E+03  0.06167905  3.31529765
   4  1.1551E+02  5.0603E+03  0.08281816  3.64039704
   5  1.3635E+02  5.7825E+03  0.07015920  3.58176975
   6  1.2757E+02  5.1821E+03  0.07498487  3.50539592
   7  1.2760E+02  5.4402E+03  0.07496704  3.59119474
   8  1.3073E+02  5.4861E+03  0.07317610  3.56298839
   9  1.2917E+02  5.3657E+03  0.07406044  3.54490587
  10  1.2849E+02  5.3906E+03  0.07444994  3.56245294
  11  1.2929E+02  5.4347E+03  0.07398785  3.56586543
  12  1.2949E+02  5.4185E+03  0.07387694  3.55788282
  13  1.2912E+02  5.3992E+03  0.07408551  3.55652872
  14  1.2901E+02  5.4054E+03  0.07415116  3.56014685
  15  1.2916E+02  5.4155E+03  0.07406088  3.56132923
  16  1.2926E+02  5.4148E+03  0.07400858  3.55981610

Constants: Iron
            A = 56
            Q = 26
            R = 4.2084486021
            a = 0.55
  Converged C = 0.0712797257803

node   sum(m=0)    sum(m=2)       C       rms radius
----  ----------  ----------  ----------  ----------
   1  2.7148E+00  2.7148E+00  4.58080273  0.55000000
   2  5.1671E+01  5.9638E+02  0.24067282  1.86852338
   3  1.9106E+02  7.0553E+03  0.06508861  3.34222479
   4  1.6312E+02  9.0168E+03  0.07623620  4.08914618
   5  1.8453E+02  8.6482E+03  0.06739040  3.76518451
   6  1.6719E+02  8.1622E+03  0.07437941  3.84286019
   7  1.7706E+02  8.8458E+03  0.07023547  3.88751941
   8  1.7579E+02  8.4809E+03  0.07074151  3.82017529
   9  1.7263E+02  8.4417E+03  0.07203722  3.84607995
  10  1.7473E+02  8.6129E+03  0.07117132  3.86146938
  11  1.7533E+02  8.5670E+03  0.07092657  3.84453164
  12  1.7423E+02  8.5015E+03  0.07137434  3.84187177
  13  1.7411E+02  8.5324E+03  0.07142320  3.85017805
  14  1.7465E+02  8.5624E+03  0.07120441  3.85102105
  15  1.7473E+02  8.5481E+03  0.07117262  3.84695099
  16  1.7447E+02  8.5313E+03  0.07127973  3.84605112

  Constants: Copper63
            A = 63
            Q = 29
            R = 4.37696292869
            a = 0.55
  Converged C = 0.0715013142541

node   sum(m=0)    sum(m=2)       C       rms radius
----  ----------  ----------  ----------  ----------
   1  2.7157E+00  2.7157E+00  5.10761734  0.55000000
   2  5.1864E+01  5.9862E+02  0.26744373  1.86855597
   3  2.0111E+02  7.4524E+03  0.06897000  3.34804423
   4  1.8863E+02  1.1213E+04  0.07353256  4.24053348
   5  2.0207E+02  9.8266E+03  0.06864225  3.83538902
   6  1.8580E+02  9.7625E+03  0.07465448  3.98676366
   7  1.9899E+02  1.0454E+04  0.06970610  3.98655147
   8  1.9407E+02  9.8804E+03  0.07147457  3.92442825
   9  1.9208E+02  9.9994E+03  0.07221195  3.96830357
  10  1.9526E+02  1.0177E+04  0.07103658  3.97072995
  11  1.9481E+02  1.0050E+04  0.07120321  3.95043744
  12  1.9349E+02  1.0007E+04  0.07168668  3.95537983
  13  1.9396E+02  1.0075E+04  0.07151377  3.96405834
  14  1.9456E+02  1.0090E+04  0.07129462  3.96080328
  15  1.9432E+02  1.0056E+04  0.07138234  3.95649453
  16  1.9399E+02  1.0046E+04  0.07150131  3.95784011

  Constants: Coper65
            A = 65
            Q = 29
            R = 4.42279833445
            a = 0.55
  Converged C = 0.0695046202666

node   sum(m=0)    sum(m=2)       C       rms radius
----  ----------  ----------  ----------  ----------
   1  2.7159E+00  2.7159E+00  5.10722937  0.55000000
   2  5.1907E+01  5.9913E+02  0.26722091  1.86856324
   3  2.0351E+02  7.5472E+03  0.06815673  3.34934915
   4  1.9641E+02  1.1887E+04  0.07062048  4.27880242
   5  2.0671E+02  1.0158E+04  0.06710316  3.85550236
   6  1.9136E+02  1.0256E+04  0.07248622  4.02658785
   7  2.0517E+02  1.0919E+04  0.06760729  4.01228758
   8  1.9918E+02  1.0294E+04  0.06964091  3.95407608
   9  1.9775E+02  1.0469E+04  0.07014410  4.00185622
  10  2.0111E+02  1.0637E+04  0.06897188  3.99989568
  11  2.0028E+02  1.0486E+04  0.06925517  3.97968289
  12  1.9900E+02  1.0457E+04  0.06970115  3.98687052
  13  1.9965E+02  1.0534E+04  0.06947371  3.99502074
  14  2.0021E+02  1.0540E+04  0.06928035  3.99061607
  15  1.9987E+02  1.0501E+04  0.06939760  3.98661582
  16  1.9957E+02  1.0496E+04  0.06950462  3.98862717

  Constants: Gold
            A = 197
            Q = 79
            R = 6.40051265425
            a = 0.55
  Converged C = 0.0670824671265

node   sum(m=0)    sum(m=2)       C       rms radius
----  ----------  ----------  ----------  ----------
   1  2.7182E+00  2.7182E+00  13.90096985  0.55000000
   2  5.2396E+01  6.0482E+02  0.72115324  1.86864465
   3  2.3527E+02  8.8022E+03  0.16060451  3.36412954
   4  5.9862E+02  4.7245E+04  0.06312163  4.88612244
   5  5.6299E+02  6.0681E+04  0.06711587  5.71003434
   6  5.6513E+02  4.9730E+04  0.06686212  5.15939176
   7  5.4944E+02  5.4296E+04  0.06877104  5.46746908
   8  5.8283E+02  5.4901E+04  0.06483165  5.33805772
   9  5.4685E+02  5.1395E+04  0.06909762  5.33198388
  10  5.7103E+02  5.5214E+04  0.06617094  5.40822580
  11  5.6622E+02  5.3306E+04  0.06673366  5.33653129
  12  5.5731E+02  5.2882E+04  0.06780064  5.35757602
  13  5.6638E+02  5.4223E+04  0.06671435  5.38143652
  14  5.6577E+02  5.3637E+04  0.06678714  5.35522901
  15  5.6098E+02  5.3181E+04  0.06735659  5.35509509
  16  5.6327E+02  5.3700E+04  0.06708247  5.37021420

  Constants: Lead
            A = 208
            Q = 82
            R = 6.5174913505
            a = 0.55
  Converged C = 0.0659924962728

node   sum(m=0)    sum(m=2)       C       rms radius
----  ----------  ----------  ----------  ----------
   1  2.7182E+00  2.7182E+00  14.42878843  0.55000000
   2  5.2399E+01  6.0486E+02  0.74850069  1.86864509
   3  2.3547E+02  8.8101E+03  0.16656137  3.36421033
   4  6.0833E+02  4.8101E+04  0.06447254  4.89069789
   5  6.1388E+02  6.8766E+04  0.06388960  5.82110384
   6  5.8252E+02  5.2359E+04  0.06732979  5.21438057
   7  5.8788E+02  6.0456E+04  0.06671521  5.57746046
   8  6.0939E+02  5.8679E+04  0.06436077  5.39705479
   9  5.7564E+02  5.6181E+04  0.06813398  5.43349724
  10  6.0472E+02  6.0211E+04  0.06485796  5.48813469
  11  5.9329E+02  5.7462E+04  0.06610737  5.41277769
  12  5.8761E+02  5.7709E+04  0.06674595  5.45055161
  13  5.9813E+02  5.9022E+04  0.06557251  5.46353089
  14  5.9456E+02  5.8044E+04  0.06596640  5.43429152
  15  5.9053E+02  5.7825E+04  0.06641635  5.44252841
  16  5.9432E+02  5.8482E+04  0.06599250  5.45585420

  Constants: Uranium
            A = 238
            Q = 92
            R = 6.81686987822
            a = 0.55
  Converged C = 0.0648503813792

node   sum(m=0)    sum(m=2)       C       rms radius
----  ----------  ----------  ----------  ----------
   1  2.7183E+00  2.7183E+00  16.18826491  0.55000000
   2  5.2404E+01  6.0491E+02  0.83970551  1.86864587
   3  2.3583E+02  8.8242E+03  0.18659143  3.36435344
   4  6.2646E+02  4.9700E+04  0.07024204  4.89885029
   5  7.6080E+02  9.2157E+04  0.05783878  6.05328953
   6  6.2662E+02  6.0155E+04  0.07022352  5.38885201
   7  6.9955E+02  7.8566E+04  0.06290293  5.82869062
   8  6.7379E+02  6.8782E+04  0.06530748  5.55696956
   9  6.6236E+02  7.1224E+04  0.06643500  5.70335500
  10  6.9173E+02  7.3637E+04  0.06361436  5.67470734
  11  6.6599E+02  6.9641E+04  0.06607314  5.62420798
  12  6.7452E+02  7.2160E+04  0.06523746  5.68872015
  13  6.8178E+02  7.2300E+04  0.06454285  5.66383692
  14  6.7177E+02  7.0773E+04  0.06550399  5.64529801
  15  6.7364E+02  7.1612E+04  0.06532263  5.67077160
  16  6.7854E+02  7.2083E+04  0.06485038  5.66878982