#! sweep[i,0]/ total_energy[f,1]/ kinetic_energy[f,2]/ potential_energy[f,3]/
0 0.0 0.0 0.0
0 2.27656376795 0.230882829152 2.0456809388
1 5.17101043575 0.58875384562 4.58225659013
2 6.95377982785 0.923260224773 6.03051960308
3 9.00913360091 1.34061904276 7.66851455816
4 10.0975535963 1.80842939184 8.28912420448
5 12.6842121099 2.3534119399 10.33080017
6 13.7947634526 2.62714295826 11.1676204944
7 14.9437133144 3.00786409906 11.9358492153
8 15.9828199556 3.47451986156 12.5083000941
9 16.874464555 3.85658933274 13.0178752223
10 18.861389198 4.19311389196 14.668275306
11 19.9253038426 4.61922587092 15.3060779716
12 20.5822501495 5.3904518167 15.1917983328
13 21.5019187316 5.8171006673 15.6848180643
14 22.2514980784 6.55019509066 15.7013029878
15 23.7452715491 6.73233481805 17.0129367311
16 25.0201428931 7.08698241489 17.9331604782
17 28.0605972512 7.7332478296 20.3273494217
18 29.154399155 8.14457809667 21.0098210584
19 30.2487869605 8.60514629786 21.6436406626
20 30.805506819 8.96283346036 21.8426733587
21 32.1009373843 9.21203272391 22.8889046603
22 33.237205991 9.50690881656 23.7302971744
23 34.1952383087 10.1323916541 24.0628466546
24 35.6617563098 10.6876238071 24.9741325026
25 36.3527006757 11.2243457581 25.1283549176
26 37.5563711967 11.6625190492 25.8938521475
27 38.9349417706 12.0511238092 26.8838179614
28 40.3654108852 12.871508942 27.4939019432
29 42.2903314958 13.6894936061 28.6008378898
30 43.1400381899 13.9215139719 29.2185242181
31 44.1050719644 14.1316509052 29.9734210592
32 44.8894123167 14.4275497655 30.4618625512
33 47.0551061658 15.0420924759 32.0130136899
34 48.6587400568 15.3338900031 33.3248500537
35 49.2946340652 15.6767415723 33.6178924929
36 50.9124281731 16.1702518065 34.7421763667
37 51.6543913987 16.2486889777 35.405702421
38 52.0097862709 16.6554004882 35.3543857827
39 53.461228423 17.4527684934 36.0084599296
40 54.473324356 17.738979177 36.734345179
41 56.176518938 18.9459396324 37.2305793056
42 57.5916469776 19.134143102 38.4575038756
43 58.2060068873 19.6137483164 38.5922585709
44 59.3668303577 20.4455403433 38.9212900144
45 61.2255838092 21.2163894229 40.0091943864
46 63.0837518752 21.7230187493 41.3607331259
47 63.540451172 22.5733069097 40.9671442623
48 64.9183422704 23.6608441916 41.2574980788
49 66.2163419675 24.4227361602 41.7936058073
50 67.3264944792 25.3072776091 42.0192168701
51 68.383178205 25.8588374692 42.5243407358
52 69.3092883448 26.5417754752 42.7675128696
53 70.5399563536 26.8254519314 43.7145044221
54 71.895243282 27.3349878853 44.5602553968
55 73.5740518629 27.9806285471 45.5934233158
56 74.946614051 28.5910150728 46.3555989781
57 76.763153023 29.3309281463 47.4322248768
58 77.5128357067 29.8483943837 47.6644413231
59 78.1622580488 30.0781662964 48.0840917524
60 79.6057474811 30.3328300929 49.2729173882
61 79.5936004226 30.4985825281 49.0950178945
62 81.668035293 31.2777173203 50.3903179727
63 82.8409805748 31.9245631304 50.9164174444
64 82.5687300678 31.9506203816 50.6181096862
65 83.8347517908 32.3302132643 51.5045385265
66 84.0569022354 32.7358491019 51.3210531335
67 85.0384806459 33.3493589562 51.6891216897
68 86.0001899516 34.1977734872 51.8024164643
69 86.9357064609 34.4447038103 52.4910026506
70 87.9565150666 35.2838797869 52.6726352797
71 89.692047471 36.1766497355 53.5153977355
72 89.8299111351 36.5430156828 53.2868954523
73 90.5281989425 36.5502324199 53.9779665226
74 91.4590004594 36.8213462925 54.6376541669
75 92.748213667 37.4199567933 55.3282568738
76 93.0119770801 37.7263504772 55.2856266029
77 92.8892202416 37.8641140125 55.0251062291
78 93.9629855208 38.8337641718 55.129221349
79 95.2130587849 39.4678042481 55.7452545368
80 95.9372822482 39.5823033059 56.3549789424
81 96.791190216 39.6061729327 57.1850172833
82 97.4094090371 39.8280839174 57.5813251197
83 98.3933215664 40.5280968365 57.8652247298
84 99.9316333098 41.2126990063 58.7189343035
85 100.38077336 41.5485557968 58.8322175635
86 101.322354427 42.4687125895 58.8536418379
87 102.318553097 42.9473868719 59.3711662254
88 102.645834764 43.1919214521 59.453913312
89 103.799247669 43.8949947352 59.9042529338
90 103.726165106 44.4336216501 59.2925434558
91 103.588417786 45.0650191561 58.5233986298
92 104.846212506 44.9004757872 59.9457367185
93 105.651774252 46.1891981168 59.4625761347
94 105.72529568 46.319816565 59.4054791147
95 107.364146204 47.2950091718 60.0691370326
96 107.966907237 48.1481149407 59.8187922959
97 109.277222437 49.0646563122 60.2125661244
98 109.872908282 49.194568065 60.6783402168
99 110.42420298 49.5863894984 60.8378134818
100 111.545234348 50.862113454 60.683120894
101 112.272965813 51.1215837325 61.1513820804
102 112.634976234 51.1537536454 61.4812225885
103 113.995095519 51.7383257282 62.2567697913
104 114.298797776 52.501347498 61.7974502776
105 115.614857362 52.7985306083 62.8163267537
106 117.026630627 53.844176079 63.1824545481
107 117.887798987 54.2635151746 63.6242838121
108 117.997158047 54.7239285895 63.273229457
109 118.348039304 55.2489013331 63.099137971
110 118.455520044 55.1874369411 63.2680831029
111 120.339002105 56.0980894807 64.2409126245
112 121.038070983 56.4358507679 64.6022202151
113 120.859786169 55.8811959502 64.9785902187
114 122.6693942 57.0848423004 65.5845518991
115 123.677329045 57.1802397978 66.4970892477
116 125.585611913 58.0198589859 67.565752927
117 125.768647125 59.2037826027 66.5648645221
118 126.513065071 59.4830810182 67.0299840532
119 128.079323401 59.9492208413 68.1301025596
120 127.780766548 59.9868482571 67.7939182913
121 127.23251569 59.8124560536 67.420059636
122 128.647891327 60.7572639029 67.890627424
123 128.475500625 60.4994618153 67.9760388098
124 128.271591674 60.4168488247 67.8547428492
125 129.846937598 61.6787076102 68.1682299882
126 130.809673193 61.8483740817 68.9612991109
127 132.056471876 63.0977647932 68.9587070826
128 131.978863466 63.5532949444 68.4255685214
129 131.137694999 63.3328710779 67.804823921
130 132.73945972 63.7424314794 68.9970282409
131 133.355269692 63.9544568556 69.4008128361
132 133.531362973 64.0270802975 69.5042826757
133 134.086975055 64.2230285198 69.8639465355
134 134.096052207 64.5179056261 69.5781465809
135 134.941208143 65.3552251854 69.5859829576
136 134.62292153 65.2560272368 69.3668942934
137 133.921239252 65.1253540082 68.7958852439
138 133.973593552 65.0240947692 68.9494987826
139 135.186804178 65.6038779188 69.5829262591
140 135.834790234 65.1807380327 70.6540522014
141 136.049821379 65.3676430431 70.6821783359
142 138.146794814 65.9192659041 72.2275289096
143 138.993569112 66.1466853296 72.846883782
144 137.843049138 65.626748015 72.2163011234
145 137.718620189 65.6519875525 72.0666326368
146 138.385278965 65.9341584406 72.4511205248
147 138.77858756 66.151168575 72.6274189849
148 139.843472937 67.2745301801 72.568942757
149 140.052375242 67.1131338536 72.939241388
150 139.862521419 67.410696989 72.4518244303
151 140.73234031 68.1149946365 72.6173456734
152 141.193869831 68.6336982322 72.5601715988
153 141.292751536 68.1177811954 73.1749703403
154 141.946627337 68.5455761156 73.4010512211
155 142.767572844 69.1007213498 73.6668514945
156 143.251457956 69.2514563887 74.000001567
157 142.614172069 68.9702122138 73.6439598553
158 142.456761131 68.6858028098 73.7709583216
159 142.555759016 68.7276468531 73.8281121628
160 142.953153714 68.3433547889 74.6097989251
161 143.326890286 68.5184040803 74.8084862053
162 144.520630453 69.4970249641 75.0236054888
163 143.548563292 68.4057447695 75.1428185229
164 144.516863154 69.1935752725 75.3232878819
165 145.578223014 69.5512644009 76.0269586126
166 145.288862582 69.681099242 75.6077633401
167 146.230600214 70.3307042483 75.8998959662
168 146.805172392 70.2657461201 76.5394262715
169 147.35323161 70.1365959419 77.2166356676
170 146.868277549 69.9009101282 76.9673674206
171 147.864350726 70.6563665176 77.2079842084
172 146.540365433 69.8557455756 76.6846198578
173 147.767066293 70.699054989 77.0680113036
174 148.909754215 71.1677165662 77.7420376488
175 149.838019307 71.6551996438 78.1828196631
176 149.433075342 71.8645255873 77.568549755
177 148.097158747 70.8234739831 77.2736847634
178 147.919953373 71.3242750414 76.5956783312
179 147.04141969 71.1782097732 75.8632099169
180 147.233765911 72.1174068873 75.1163590237
181 148.106546047 71.9236706398 76.1828754067
182 149.004899494 72.1588023958 76.8460970981
183 149.887118856 72.3281978364 77.5589210195
184 150.632770519 72.6322986139 78.0004719051
185 150.152564133 72.9232783523 77.2292857808
186 150.117970785 72.9449610568 77.1730097286
187 151.466259524 73.5284934249 77.9377660991
188 152.711693569 74.390494885 78.3211986839
189 153.6779356 74.6818616791 78.996073921
190 153.373560988 74.5992917637 78.774269224
191 152.435223616 73.8415254818 78.5936981346
192 152.105381023 74.1933706706 77.9120103525
193 151.330744785 73.6603913838 77.6703534017
194 151.414523598 73.7763549155 77.638168682
195 152.056310205 73.9674830973 78.088827108
196 152.833009332 74.7862394425 78.0467698896
197 152.523895376 74.8473516629 77.6765437133
198 153.367078184 75.6616468453 77.7054313389
199 153.189797674 75.6389845563 77.5508131181
200 153.080940365 75.1037517714 77.9771885933
201 152.894531225 75.1868068778 77.7077243469
202 152.562684077 75.1175616621 77.4451224151
203 152.07504021 74.7568957182 77.3181444918
204 152.201651339 74.7574241408 77.4442271983
205 153.791355221 74.7314009686 79.0599542527
206 153.583717347 74.6091564562 78.9745608904
207 154.287064926 75.0133444346 79.2737204917
208 154.421581788 75.1803586249 79.2412231635
209 154.70090392 75.1403999596 79.5605039607
210 153.745025571 74.3776609791 79.3673645918
211 153.67983324 74.0734539497 79.6063792898
212 154.83913595 74.6856407341 80.1534952164
213 155.219027279 74.5762256974 80.6428015818
214 155.292455041 75.0060902998 80.2863647417
215 155.012900498 74.418462676 80.5944378217
216 155.001624738 74.3921929458 80.6094317926
217 154.637470571 73.576725586 81.0607449852
218 152.899838798 71.943749973 80.9560888247
219 153.784559443 72.8513061096 80.9332533331
220 153.976640905 72.9980128104 80.9786280949
221 154.242981801 72.953224345 81.2897574562
222 153.171190524 72.1777886209 80.993401903
223 153.338344655 72.4599972268 80.8783474281
224 152.774397285 71.8603468842 80.9140504011
225 153.509128072 72.0451836042 81.4639444682
226 153.198597013 72.1648355302 81.0337614823
227 154.048768672 72.5792365804 81.4695320915
228 153.147391832 72.358835765 80.7885560669
229 152.978874598 73.1426533623 79.8362212359
230 152.993025441 73.6906428911 79.3023825495
231 153.921877423 74.1010800292 79.8207973939
232 154.281437971 74.2724738401 80.0089641313
233 153.630437797 73.7520975668 79.8783402307
234 154.409103452 74.3688941674 80.0402092847
235 153.455601704 73.4537733768 80.0018283276
236 152.658422994 73.7215536752 78.9368693189
237 153.252199631 74.4169074249 78.8352922063
238 154.053233325 75.117733801 78.9354995242
239 154.733799345 75.1825987161 79.5512006287
240 153.934601492 75.0934992106 78.841102281
241 154.932870606 76.3347922418 78.5980783638
242 155.443480557 76.1822927202 79.2611878372
243 154.694267946 75.468906814 79.2253611321
244 154.781920757 76.1298827405 78.6520380164
245 154.492705387 75.9589619072 78.5337434803
246 154.716568453 75.3802966454 79.3362718078
247 154.406309724 74.8451705269 79.5611391966
248 154.643082633 75.6482701696 78.9948124638
249 153.855694238 75.1907022218 78.6649920163
250 154.123742965 74.5588768572 79.5648661076
251 153.582718796 74.2597588976 79.3229598984
252 152.792457722 73.4767171472 79.3157405743
253 152.134636171 72.7648612196 79.3697749513
254 152.125500109 73.2695537225 78.8559463869
255 151.875057523 73.7513158795 78.1237416439
256 151.556832047 73.8293741695 77.7274578771
257 152.444630974 73.8505119256 78.594119048
258 152.859576949 73.5504252439 79.3091517047
259 153.040209779 74.5377572398 78.5024525394
260 153.682457198 74.8277781268 78.8546790707
261 153.437267896 74.9408511361 78.4964167596
262 152.731125085 74.1584935749 78.5726315101
263 154.220765857 75.2995563874 78.92120947
264 154.904555208 76.0738450156 78.8307101926
265 154.978858954 76.0463184994 78.932540455
266 155.177138507 76.5060655929 78.6710729142
267 154.040362562 75.4699537838 78.5704087787
268 154.245543474 75.256472982 78.9890704924
269 153.711706075 75.6296573445 78.08204873
270 153.886247932 76.0069861401 77.8792617919
271 153.924720866 76.3237930705 77.6009277959
272 155.750912767 77.315841375 78.4350713924
273 155.768975307 77.7974340485 77.9715412586
274 155.759408385 77.5132556899 78.2461526954
275 155.908183964 77.8151783532 78.0930056109
276 154.984718392 76.5450320183 78.4396863736
277 155.475481032 76.8927979465 78.5826830854
278 154.842203494 76.2666238012 78.5755796932
279 154.328420298 75.5897546823 78.7386656152
280 155.175574129 76.0733939367 79.1021801919
281 154.656452186 75.8136156079 78.8428365783
282 156.09602961 76.2300690693 79.8659605409
283 156.399396677 76.1116391271 80.2877575496
284 157.324680153 77.1696049039 80.1550752489
285 157.7848519 77.4724495752 80.3124023248
286 157.237357255 77.4597954524 79.7775618031
287 156.041955441 76.8359418934 79.2060135473
288 156.172617857 76.7593230379 79.4132948192
289 156.416553708 76.8149073139 79.6016463938
290 155.592832862 76.0049372452 79.5878956172
291 156.21953075 76.74389427 79.4756364801
292 156.682949442 77.1749961037 79.5079533383
293 156.237966305 76.7970140816 79.4409522238
294 157.083135904 77.3368582308 79.7462776727
295 156.949265156 77.7474585476 79.2018066088
296 157.430759 77.9357390507 79.4950199497
297 157.366032283 77.7905488117 79.5754834711
298 158.138012186 78.2202591274 79.9177530581
299 159.543602986 78.9375039339 80.6060990526
300 158.883093139 78.4059580885 80.4771350507
301 159.377311137 79.2865271556 80.0907839817
302 160.264530298 79.8409449923 80.4235853061
303 160.310919293 79.7980810907 80.5128382019
304 160.953683847 80.414791974 80.5388918735
305 161.220797495 81.1018158087 80.1189816861
306 162.193318857 82.081110932 80.1122079246
307 162.196247908 82.1756272484 80.0206206595
308 161.638790253 81.8989418254 79.7398484277
309 161.024476079 81.4526059722 79.571870107
310 160.345588561 80.9275823416 79.4180062195
311 159.561009622 80.3085129747 79.252496647
312 160.987779796 81.1111695607 79.8766102352
313 160.606975017 80.8369805814 79.7699944352
314 160.543686441 80.8416094215 79.7020770194
315 159.742547333 80.4217275743 79.3208197587
316 159.420095067 80.787979474 78.6321155929
317 159.967253275 80.6281177186 79.3391355563
318 158.622161391 79.7468985027 78.8752628887
319 157.638233235 79.1241458419 78.5140873926
320 157.456813665 79.6226731868 77.8341404782
321 158.90033564 80.5752747486 78.3250608914
322 158.853441616 79.8522541151 79.0011875009
323 158.298600357 79.8122788408 78.4863215158
324 159.353129789 80.6649512532 78.6881785361
325 158.556021863 79.3851945072 79.170827356
326 158.873756751 79.7549487122 79.1188080385
327 158.873571366 80.2006926189 78.6728787471
328 158.670330224 80.2213891331 78.4489410905
329 157.951449555 79.6582496658 78.2931998896
330 156.481126828 79.35300105 77.1281257779
331 156.616682049 79.3246572541 77.2920247951
332 156.069068955 79.0202493537 77.0488196013
333 156.054808207 79.5790043349 76.4758038719
334 157.056398026 79.9160183338 77.1403796921
335 158.192454828 80.6465800603 77.5458747674
336 159.064193589 80.907911704 78.156281885
337 158.03743958 79.8669097585 78.1705298213
338 157.55227185 79.5740209398 77.9782509102
339 157.39008536 79.9926722788 77.3974130813
340 156.636633323 79.2417559422 77.3948773811
341 156.67240629 79.2213244495 77.4510818409
342 157.45341058 79.8248410587 77.6285695217
343 158.028928284 80.3445794312 77.6843488525
344 157.898689442 80.7193941239 77.179295318
345 157.982150209 80.7342214928 77.2479287158
346 158.60195156 81.2160076401 77.3859439204
347 158.434567998 81.0198273731 77.4147406249
348 157.942294801 80.513173801 77.4291210005
349 158.853427183 81.7631788638 77.090248319
350 159.83963145 82.1571939022 77.6824375477
351 159.152781615 81.4729187224 77.6798628922
352 158.167489619 80.4894530785 77.6780365406
353 157.11975357 79.4757456055 77.6440079647
354 156.627069159 79.4443077865 77.1827613727
355 156.061496598 79.138917791 76.9225788068
356 155.485115892 78.8829072273 76.602208665
357 156.031426323 78.7310134355 77.300412887
358 155.557190458 78.0252461137 77.5319443441
359 155.171585387 78.2887719383 76.882813449
360 156.412354375 78.8024295325 77.6099248425
361 157.108339973 79.3168226627 77.7915173099
362 157.295828158 79.6679171603 77.627910998
363 156.896231119 79.2734889929 77.6227421258
364 157.24615804 79.6560442949 77.590113745
365 157.396365046 79.8557799516 77.5405850949
366 157.041696043 78.9877782367 78.0539178059
367 157.020649424 79.2787900488 77.7418593757
368 156.934647697 79.4529280385 77.4817196582
369 157.864616238 80.8312747668 77.0333414713
370 159.653194665 80.8978163908 78.7553782744
371 159.874339593 80.8032675746 79.0710720185
372 160.709854368 81.4815734058 79.2282809625
373 159.561928571 81.298632825 78.2632957457
374 160.243474273 81.3522428764 78.8912313969
375 159.786213541 81.1628191643 78.6233943765
376 159.456265901 80.6052274852 78.8510384153
377 159.550167451 80.5235908576 79.0265765934
378 159.191672993 80.2228426372 78.9688303556
379 160.186396026 81.0871133198 79.099282706
380 160.631240737 80.5552539839 80.0759867526
381 160.178296175 80.5262132095 79.6520829657
382 160.315220691 80.8956763029 79.4195443883
383 160.439128128 81.0973039135 79.3418242145
384 161.421977537 81.2199187045 80.2020588327
385 161.969909606 81.8737836737 80.0961259327
386 162.165609933 82.3789193716 79.7866905615
387 161.870660969 82.7059953987 79.1646655708
388 160.232591519 82.1964591313 78.0361323873
389 159.830429494 81.9831545481 77.8472749462
390 159.875385025 82.410847434 77.4645375906
391 160.697633546 82.9536556785 77.7439778674
392 162.657813542 84.1652981736 78.4925153688
393 163.867213292 85.0176345692 78.8495787229
394 163.141660168 84.0546032417 79.0870569259
395 163.192692991 83.4964044181 79.6962885733
396 163.695844327 83.7063085028 79.9895358241
397 163.170743831 83.4498355686 79.7209082622
398 163.134082737 83.7429339607 79.3911487766
399 164.028453576 83.9903122278 80.0381413478
400 162.82687244 82.93213749 79.8947349499
401 162.154163209 82.8017393679 79.3524238411
402 162.468189112 82.5739338104 79.8942553017
403 161.487485992 82.3702436495 79.1172423429
404 161.797385791 82.646044444 79.1513413466
405 160.623282914 82.3005055863 78.3227773274
406 160.186872669 81.8607322497 78.3261404192
407 160.741823506 82.1511838788 78.5906396277
408 160.519431015 82.3472138502 78.1722171643
409 160.320424234 82.2666534049 78.0537708296
410 161.839607698 82.6897878965 79.1498198019
411 162.990038437 83.2384354825 79.751602954
412 162.485450583 83.269021591 79.2164289918
413 161.795836277 83.3678129084 78.428023369
414 160.881469445 82.6860306249 78.1954388198
415 160.608987537 82.7776167267 77.8313708099
416 161.540368231 82.7361987965 78.8041694343
417 161.020595422 82.443357376 78.577238046
418 161.098334203 82.0775701696 79.0207640338
419 161.189705691 82.2078057673 78.9818999235
420 161.302401093 82.3620916185 78.9403094743
421 161.294589208 82.4555501266 78.8390390813
422 161.795935694 82.7835732614 79.0123624321
423 160.968454625 82.1131803877 78.8552742369
424 162.247957795 82.9253772853 79.3225805101
425 161.419026111 82.2625764053 79.1564497062
426 162.021223652 83.0889481612 78.9322754908
427 161.82843608 82.5523260307 79.2761100495
428 162.374276589 83.1399430835 79.2343335055
429 162.856828464 83.5231983741 79.3336300902
430 162.813062945 83.90646998 78.9065929655
431 162.972279619 83.6657591791 79.3065204396
432 162.076141762 83.4688499816 78.60729178
433 161.754618784 83.6239054486 78.1307133356
434 161.91780739 83.8688490309 78.0489583594
435 161.965611105 83.3860413157 78.5795697893
436 162.813954866 83.5721115515 79.2418433144
437 162.776433769 83.9559166763 78.8205170928
438 162.762146931 84.7411785116 78.0209684193
439 162.240287041 84.993410208 77.2468768331
440 161.977895037 84.1919768238 77.7859182131
441 161.650952611 83.5647787081 78.086173903
442 160.81067809 82.6592389008 78.1514391895
443 159.926450653 81.9395492723 77.9869013804
444 159.750394158 82.2432224394 77.5071717191
445 161.529037551 83.6991246494 77.8299129021
446 162.171335126 84.2464810709 77.924854055
447 162.01819997 84.5897814133 77.4284185566
448 162.182963822 84.68842686 77.4945369621
449 163.17547488 86.372883659 76.8025912213
450 162.790195269 85.9681299761 76.8220652931
451 162.397075921 85.718231933 76.6788439883
452 162.978049276 85.9931124448 76.9849368314
453 162.787878707 85.9765922147 76.8112864924
454 161.699058837 85.7738009256 75.9252579117
455 162.386163564 85.9093792194 76.4767843451
456 163.098395555 86.5675969233 76.5307986318
457 162.403570421 86.0199471792 76.3836232414
458 162.031725382 85.9811825729 76.0505428093
459 161.968186446 85.4416679765 76.5265184691
460 161.881055874 85.5404405367 76.3406153373
461 161.862987465 86.8537569708 75.0092304943
462 162.134370999 86.4515776253 75.6827933736
463 161.713946244 86.3273971545 75.38654909
464 162.732921012 86.7372949601 75.9956260515
465 162.857420124 87.5504157913 75.307004333
466 162.762209719 88.0767526828 74.6854570357
467 162.540927833 87.5509911549 74.9899366781
468 162.650104542 87.3249549408 75.3251496008
469 163.972530079 87.79118656 76.1813435193
470 164.537267823 87.8506542823 76.6866135403
471 164.958137228 88.5829321128 76.3752051149
472 165.309218957 88.3966197543 76.9125992028
473 165.316195844 88.2077972857 77.1083985588
474 165.432499294 88.1920665032 77.2404327906
475 165.938725506 88.6288099941 77.309915512
476 165.624224754 87.3074816607 78.316743093
477 165.565846991 87.07821793 78.4876290612
478 164.687119268 86.8395661422 77.8475531255
479 165.83619266 87.5788534758 78.2573391843
480 166.721881662 88.3700454952 78.3518361669
481 167.116276473 88.9765847994 78.1396916741
482 166.96775992 88.4637634254 78.5039964949
483 168.000538606 89.2314325623 78.7691060432
484 166.895387969 88.593808015 78.3015799539
485 167.511179919 89.269325516 78.2418544029
486 167.263607323 89.2747905607 77.9888167621
487 167.240565803 89.2018805544 78.0386852482
488 167.142056829 89.1708850428 77.9711717859
489 168.265730954 89.6144576728 78.6512732813
490 166.646086401 88.3663919331 78.2796944681
491 166.426974632 88.2309555878 78.1960190438
492 166.644257678 88.4495769158 78.1946807626
493 166.617161947 88.0963822859 78.5207796613
494 165.134902477 87.2581513932 77.8767510841
495 163.602073553 85.9459153578 77.6561581954
496 163.520102919 85.881421757 77.6386811625
497 163.792971907 85.9383656057 77.8546063015
498 164.710419246 86.3666417801 78.3437774654
499 164.787582003 86.4526699796 78.334912023
500 164.439711167 86.4183966919 78.0213144747
501 164.809418737 86.631036567 78.1783821695
502 165.156615214 86.8995467929 78.2570684213
503 165.685792015 86.5392633089 79.1465287063
504 164.728917477 85.8654603037 78.8634571731
505 163.117876074 84.9100465865 78.2078294879
506 163.338003299 84.6519890513 78.6860142478
507 163.524769999 84.2216832175 79.303086781
508 163.249716315 84.1195414629 79.1301748525
509 164.205848286 84.5515508756 79.6542974107
510 164.862603663 84.1231655439 80.7394381194
511 163.472787942 83.258789807 80.2139981347
512 163.590067274 83.3721461467 80.2179211274
513 163.822735504 83.6717051711 80.1510303333
514 163.084900126 83.331988634 79.7529114919
515 162.743785517 83.0988203628 79.6449651546
516 162.75472501 83.2103276601 79.5443973501
517 163.043396382 83.3763175213 79.6670788604
518 161.837303661 83.0048335602 78.8324701013
519 162.301794398 83.6982361261 78.6035582715
520 162.659109451 84.7681471726 77.8909622784
521 162.561736925 84.097585903 78.4641510215
522 163.422228675 84.4617312839 78.960497391
523 164.470514663 85.2160119493 79.2545027133
524 164.453338165 84.8303311289 79.623007036
525 164.402335902 84.9295129324 79.4728229694
526 164.955492933 85.6398022409 79.3156906926
527 165.539920803 85.9950508272 79.5448699754
528 164.368772527 85.0821954043 79.2865771231
529 164.493251022 85.4803929119 79.0128581105
530 164.251781184 85.1101630651 79.1416181189
531 163.258701223 84.9693993899 78.2893018336
532 162.346209235 85.1628465786 77.1833626561
533 164.30557025 86.1370418336 78.1685284164
534 162.674581365 85.158653724 77.515927641
535 163.26217713 85.1993870593 78.0627900704
536 162.357227356 85.3090590781 77.0481682784
537 162.863752785 85.3823492179 77.4814035674
538 163.471494782 86.3642040089 77.107290773
539 162.522978019 85.1988397461 77.3241382729
540 162.055225906 84.1654185269 77.8898073793
541 161.397712163 84.0472119405 77.3505002227
542 160.757793697 82.8609856649 77.8968080325
543 161.816716943 83.362218935 78.4544980077
544 161.406963048 83.1752654357 78.2316976118
545 161.946183723 83.6036639734 78.3425197498
546 161.479831676 83.6056783369 77.8741533394
547 160.399523727 82.8694325196 77.5300912071
548 159.977353705 82.5209538434 77.4563998614
549 161.540926385 83.0198308135 78.5210955717
550 161.207499556 82.6855077715 78.5219917847
551 160.417347014 82.4281388952 77.9892081191
552 160.009463807 81.8746920473 78.1347717593
553 160.122252181 81.6847307212 78.43752146
554 160.565052747 82.5157619645 78.0492907823
555 159.880520535 82.2516361377 77.6288843977
556 160.373085713 82.0555347939 78.3175509192
557 160.418346521 81.3086647762 79.1096817443
558 160.759532573 81.3717687103 79.387763863
559 160.535291872 81.1894877616 79.3458041099
560 160.587452648 81.8271267491 78.7603258989
561 160.401990729 81.3625287774 79.0394619513
562 161.483109774 82.140801613 79.3423081614
563 163.157995484 83.104562526 80.0534329579
564 162.469476659 82.8847573472 79.5847193113
565 162.922694058 83.3963189663 79.5263750916
566 163.48828523 83.5515783328 79.9367068977
567 161.970535186 82.344694501 79.6258406845
568 162.96402369 82.774925274 80.1890984162
569 162.905407082 82.3001622293 80.6052448528
570 163.217117767 82.4930890709 80.7240286966
571 163.534241811 82.2562631561 81.2779786552
572 163.503237161 82.7233983806 80.7798387801
573 162.725882697 82.129411843 80.5964708541
574 162.278318755 81.8078435033 80.4704752514
575 161.704793641 81.1459981771 80.5587954636
576 161.997138304 81.6055376952 80.3916006087
577 162.138098425 81.4032339153 80.7348645099
578 163.088157367 82.0118151831 81.0763421842
579 163.764888258 81.6479867167 82.1169015408
580 163.895036468 81.2979232178 82.5971132502
581 164.644601845 81.6623570297 82.9822448149
582 164.46489885 82.3371984111 82.1277004384
583 165.057586816 83.456830853 81.6007559633
584 164.507792092 82.9817660062 81.5260260863
585 163.744864567 82.9923135407 80.7525510261
586 163.658149435 83.4460398241 80.2121096107
587 164.180840559 82.7781909152 81.4026496438
588 163.826266611 82.7498941599 81.0763724508
589 163.517672633 82.1342538467 81.3834187861
590 163.727038516 82.4702578277 81.2567806881
591 165.059698615 83.5544714189 81.505227196
592 163.875851203 83.431743241 80.4441079616
593 164.161388855 83.9418522079 80.2195366466
594 163.438966125 84.122792448 79.3161736773
595 163.201224731 84.718469863 78.4827548683
596 162.500458084 83.9347162147 78.5657418691
597 162.875811405 83.9897406819 78.8860707229
598 162.659242661 84.0846520694 78.5745905918
599 162.456834135 83.4424519137 79.0143822212
600 161.66248041 82.856644907 78.8058355034
601 162.919243552 83.6989677832 79.2202757688
602 163.274185507 83.9600326685 79.3141528385
603 164.233137347 84.4316395147 79.8014978328
604 164.720754705 84.2148949915 80.5058597135
605 164.639101648 84.4397222283 80.1993794201
606 163.904912924 83.3366017321 80.5683111923
607 162.848552892 82.5787871991 80.2697656931
608 162.953063169 82.9749642389 79.9780989298
609 162.255109836 82.3609694828 79.8941403537
610 162.392928251 82.4232549141 79.9696733364
611 161.95082238 81.9312338461 80.019588534
612 162.289093478 81.7167249052 80.5723685726
613 164.0254502 82.380564575 81.6448856246
614 162.693583786 81.1223404253 81.5712433607
615 163.179964711 80.5369491417 82.643015569
616 163.033108706 80.5673910384 82.4657176675
617 163.329487321 81.5923821526 81.7371051685
618 162.965235539 81.660170205 81.3050653339
619 162.303783438 81.2340465709 81.0697368668
620 162.939197104 80.9149304307 82.0242666732
621 162.869188723 81.4562867234 81.4129019994
622 162.793697627 81.4262084704 81.3674891568
623 162.320366222 81.7447065161 80.5756597059
624 163.123484102 82.7272668569 80.3962172451
625 162.734069648 82.5482661564 80.1858034911
626 162.576460868 82.7334663987 79.8429944691
627 162.7736854 82.3911547319 80.3825306684
628 163.858850347 83.0885180556 80.7703322911
629 163.5013853 83.4235686839 80.0778166156
630 163.607727884 83.5749743904 80.0327534932
631 164.383515839 83.7068208118 80.6766950276
632 163.56129711 83.1938397037 80.3674574058
633 162.549911702 82.7280197273 79.821891975
634 162.507020148 83.1928555422 79.3141646059
635 162.39000024 83.0195408903 79.3704593495
636 161.894718529 83.2620921004 78.6326264286
637 163.217813193 83.5699721434 79.6478410496
638 163.703159594 83.7589219559 79.9442376376
639 163.920389253 84.3629616795 79.5574275734
640 163.135531645 83.9157326835 79.2197989614
641 162.718898448 83.7401630798 78.9787353684
642 162.981750629 84.2446214622 78.7371291667
643 162.878205897 84.434342554 78.4438633429
644 163.817490641 84.6185393782 79.1989512624
645 163.167703105 83.9018375981 79.2658655068
646 163.146161922 83.6865324483 79.4596294733
647 163.873993448 84.0461559016 79.827837546
648 165.262519552 85.0668495214 80.1956700303
649 164.953917027 85.1641201927 79.789796834
650 165.261798686 85.3968210782 79.8649776073
651 166.187576532 85.7260759263 80.4615006055
652 166.105742049 85.6026192817 80.5031227671
653 167.193561498 86.6420254517 80.551536046
654 167.55197736 86.9107597079 80.6412176523
655 167.193771128 86.7067140149 80.4870571134
656 167.705308297 86.458485369 81.2468229276
657 168.193714482 87.287960669 80.905753813
658 168.619363123 87.8372565494 80.7821065738
659 168.573675392 87.0407852532 81.5328901393
660 167.681490365 87.3087585041 80.3727318612
661 166.9768834 87.2708197073 79.7060636931
662 168.088405279 87.8206744979 80.2677307811
663 168.815047315 88.372975259 80.442072056
664 168.784320568 89.3100685756 79.4742519928
665 168.099112947 88.261336258 79.8377766889
666 167.373675104 87.4052915071 79.9683835968
667 167.332385375 87.5508993446 79.7814860302
668 167.245341867 87.0832518424 80.1620900249
669 167.247252728 87.0834101987 80.1638425289
670 167.249973843 86.9833575541 80.2666162891
671 167.809407413 86.4255184942 81.383888919
672 168.42486726 87.3124131682 81.1124540921
673 168.107229407 86.6946817008 81.4125477067
674 168.086639626 86.2760346729 81.8106049532
675 167.389969465 85.8484069124 81.5415625522
676 168.102743356 86.9107187888 81.1920245672
677 168.113925521 87.1945120145 80.919413507
678 168.177776839 87.337422197 80.840354642
679 166.231807236 86.5908627234 79.6409445127
680 165.201528841 85.6399051437 79.5616236971
681 163.354608278 84.3935538288 78.961054449
682 163.75091974 84.1213591678 79.6295605724
683 163.501927693 83.9025810157 79.599346677
684 163.653746559 84.0004891638 79.6532573952
685 163.507486158 83.6227933551 79.8846928027
686 163.668518484 82.807245464 80.8612730198
687 162.840436987 82.4674690864 80.3729679003
688 164.053705141 83.2538127005 80.7998924403
689 164.531282296 83.6937629083 80.8375193878
690 165.451556565 84.7141960254 80.7373605395
691 165.858604112 84.9425055977 80.9160985146
692 165.217981345 84.4751315452 80.7428498
693 165.178734411 84.2049816275 80.9737527835
694 165.800536516 84.0650935413 81.7354429747
695 166.123604635 84.4474753154 81.6761293201
696 164.726849966 83.5751026804 81.1517472853
697 165.673623555 84.4836908458 81.1899327092
698 166.243042046 84.9786882582 81.2643537874
699 166.044502427 84.9482571016 81.0962453257
700 167.671019493 86.4462812989 81.2247381936
701 167.424386046 85.811714375 81.6126716712
702 167.637788956 85.7562811645 81.8815077911
703 169.723741241 87.3475253774 82.3762158638
704 170.43168107 88.2861428212 82.1455382489
705 170.130078748 88.3187348035 81.8113439444
706 169.056692653 87.6103872613 81.4463053915
707 167.321813029 86.9129762383 80.4088367902
708 166.439335338 86.4613983333 79.9779370047
709 166.482797835 86.6671284868 79.8156693477
710 168.093205774 87.6982848982 80.3949208755
711 168.211257384 88.3226435406 79.8886138437
712 168.485756276 88.3185497393 80.1672065371
713 167.816600898 87.6686005036 80.1480003946
714 168.039190121 88.038742095 80.0004480256
715 167.993225709 88.1528963259 79.8403293827
716 168.536248975 88.622017304 79.9142316713
717 168.850088328 88.734172825 80.1159155026
718 167.4086097 88.0034314164 79.4051782839
719 167.543724797 87.6695393412 79.874185456
720 166.887273837 87.4368387821 79.4504350547
721 167.29716391 88.1720603524 79.1251035572
722 166.51314738 86.7777820815 79.7353652981
723 167.323283738 87.3853756008 79.9379081373
724 166.749518381 86.5357045355 80.2138138456
725 166.41113136 86.5482810313 79.8628503283
726 167.321277321 86.7902976565 80.5309796648
727 165.970519825 85.9318228241 80.0386970006
728 165.994819335 86.1008298309 79.8939895042
729 165.625583986 85.8984197436 79.7271642426
730 166.459509636 86.2356717993 80.2238378364
731 167.052828335 87.4833016132 79.5695267217
732 167.641852711 87.3115025277 80.3303501832
733 166.264582711 86.4256300506 79.8389526607
734 166.206281094 86.9551343324 79.2511467612
735 167.529444094 87.2537353186 80.2757087753
736 166.645228244 86.0933332311 80.5518950128
737 166.352820395 85.9068349071 80.445985488
738 166.050354975 85.6565908026 80.393764172
739 166.083198884 85.8715794779 80.2116194059
740 167.242679273 86.6164141368 80.6262651366
741 167.238429097 86.3114493194 80.9269797776
742 167.459849241 86.1718250128 81.2880242285
743 167.949844787 86.0568967763 81.8929480109
744 169.04705435 86.5440542154 82.5030001348
745 169.099016293 85.8046435669 83.2943727264
746 168.590055396 85.3382094745 83.2518459211
747 168.442248271 86.0121293923 82.4301188786
748 170.119304418 87.3620503886 82.7572540293
749 171.330378979 87.7254334285 83.6049455508
750 170.307513379 87.3759818547 82.9315315245
751 169.514626631 87.0356976855 82.4789289453
752 169.834643459 87.1796719528 82.6549715066
753 170.612297174 88.3041738104 82.3081233634
754 169.874936655 87.0207432118 82.8541934429
755 170.402953041 86.7544727937 83.6484802469
756 170.688284545 86.6110662115 84.0772183333
757 169.516817315 86.2645874295 83.2522298853
758 169.402517916 86.6910644162 82.7114535001
759 170.382555909 87.7598928493 82.6226630597
760 169.695923856 87.648087381 82.0478364754
761 168.596538444 86.2182427402 82.3782957037
762 170.008844955 86.7028042338 83.3060407215
763 168.661786191 85.5266916899 83.1350945007
764 168.464393427 85.3613761297 83.1030172977
765 168.961831676 85.6801120513 83.2817196245
766 168.772212324 85.2885711709 83.4836411526
767 167.554051991 84.5637296816 82.9903223092
768 167.289191511 84.5308811419 82.7583103696
769 167.798724153 84.5405696841 83.2581544689
770 167.745356777 84.3580564227 83.3873003546
771 167.650726833 84.4409224189 83.2098044138
772 168.163129136 84.4828331345 83.6802960018
773 169.35219955 85.9123490162 83.4398505334
774 170.768037577 86.6382670851 84.129770492
775 170.454036532 86.2271368294 84.2268997028
776 170.040021663 85.3428659723 84.6971556907
777 170.369561972 86.371385998 83.998175974
778 170.387584948 86.2406764878 84.1469084597
779 170.791359651 86.6152757297 84.1760839213
780 169.569639298 86.1293221584 83.4403171393
781 170.10995154 86.5700856884 83.5398658515
782 169.81855646 86.5827201294 83.2358363309
783 169.084870037 86.17356325 82.9113067867
784 169.100508315 86.1841451079 82.9163632067
785 168.858810328 85.8032675769 83.0555427512
786 169.800910952 86.8250424711 82.9758684813
787 170.504158101 87.422871531 83.0812865698
788 170.798086739 87.2325501862 83.5655365525
789 172.425653198 88.6019741629 83.8236790354
790 172.107872938 88.3403665456 83.767506392
791 172.034024234 88.1006302052 83.9333940291
792 172.110863604 87.9096205713 84.201243033
793 171.37049327 86.2834990604 85.0869942099
794 170.738153279 86.2717491142 84.4664041652
795 171.438428917 86.481746675 84.9566822419
796 170.93567447 86.0834215747 84.8522528952
797 170.991285394 86.0235405994 84.9677447944
798 170.700611521 86.8861065742 83.8145049471
799 170.308197265 86.6341080975 83.6740891676
800 170.451539301 86.7210692932 83.7304700074
801 170.341300058 86.9550338199 83.3862662377
802 169.358529519 86.1847754559 83.1737540627
803 169.459573049 86.9259287104 82.5336443386
804 169.881096947 87.0936156403 82.7874813071
805 170.099969449 86.5469650597 83.5530043897
806 169.507138205 86.4006911585 83.1064470464
807 169.938602129 86.9105285743 83.0280735548
808 169.27381719 85.5565021584 83.7173150317
809 168.638881966 85.1109020356 83.5279799303
810 168.993734264 85.3352617913 83.6584724728
811 168.271542396 84.403987192 83.867555204
812 167.917939657 83.4026450805 84.5152945765
813 169.009890274 83.5002634608 85.5096268133
814 170.48959444 84.8733521889 85.616242251
815 169.692920916 85.0130759158 84.6798450002
816 169.109000331 84.6887282397 84.4202720916
817 168.608785047 84.4095386166 84.1992464306
818 167.480116192 83.9309293388 83.5491868528
819 166.892911609 83.5449212799 83.3479903291
820 166.781117654 83.8015661736 82.9795514809
821 167.22639207 83.86867395 83.3577181199
822 166.817466927 83.525892278 83.2915746487
823 166.42012865 83.8498057352 82.5703229145
824 166.012476137 82.9788727569 83.0336033801
825 165.994059889 83.2329354546 82.7611244345
826 166.969312168 83.8815203149 83.0877918528
827 167.324523165 84.5772835719 82.7472395935
828 165.813385976 83.4470095114 82.3663764642
829 166.162380472 83.90541811 82.2569623617
830 165.157318285 83.7838837897 81.3734344949
831 164.676938898 83.98292413 80.694014768
832 164.96330595 84.2619335431 80.701372407
833 165.175548778 84.3843404299 80.7912083483
834 163.55679542 83.3871777984 80.169617622
835 164.060214263 83.7755123853 80.2847018776
836 163.703320681 83.4469405503 80.2563801303
837 163.36816845 82.7943751125 80.5737933377
838 162.926122233 82.9766407842 79.9494814491
839 163.688026361 83.2317933209 80.4562330396
840 164.891959613 83.4527901521 81.4391694604
841 164.576874271 83.3570564249 81.2198178464
842 163.387369643 83.6214451149 79.7659245285
843 163.05702964 84.0040685348 79.0529611055
844 163.329434673 83.8616719294 79.4677627437
845 164.545276722 84.556240169 79.9890365533
846 164.58908478 85.2176398084 79.3714449719
847 165.306481401 86.6997042355 78.6067771659
848 164.716381682 86.2517716961 78.4646099859
849 163.611782156 86.6022594315 77.0095227246
850 163.569145767 86.0242849756 77.5448607912
851 162.282380252 85.4153206756 76.8670595761
852 162.779865309 85.4133037409 77.3665615684
853 162.839703933 85.3360255388 77.5036783941
854 162.627850915 85.3930218508 77.2348290641
855 162.686584238 85.5141472482 77.1724369901
856 162.530664274 86.0965777419 76.4340865323
857 161.705192594 85.3717292454 76.3334633485
858 162.173137949 85.2070196612 76.9661182882
859 162.617300771 84.9136175517 77.7036832192
860 161.655105722 84.3227374052 77.3323683164
861 162.311763944 85.0892560981 77.2225078458
862 162.361259748 84.4644796344 77.8967801137
863 162.653037924 84.5973780529 78.0556598707
864 163.97575535 85.1520354901 78.8237198598
865 162.758759785 85.2760059682 77.4827538169
866 163.161446899 85.5681460223 77.5933008772
867 164.14934399 86.4519116841 77.6974323054
868 164.01423204 86.1084728658 77.9057591746
869 164.32875139 86.1538090604 78.1749423293
870 164.666468166 86.0905084076 78.575959758
871 163.606350257 85.6427528658 77.963597391
872 164.729594953 86.9437722475 77.7858227052
873 164.542102003 86.8433544127 77.6987475905
874 166.609091731 88.1992989412 78.4097927895
875 166.441210997 88.4752103115 77.9660006855
876 167.118390208 89.091402284 78.0269879244
877 166.113657822 88.2400869609 77.8735708611
878 165.860531517 87.4447799878 78.4157515296
879 164.568252074 86.9909593888 77.5772926847
880 162.796120584 85.5786918226 77.2174287617
881 161.851281004 84.0533624755 77.7979185284
882 161.481057357 84.4748369111 77.006220446
883 161.594394429 84.2184073128 77.3759871167
884 160.92341248 83.9056785874 77.0177338925
885 160.731857823 83.7353601727 76.9964976503
886 161.150675315 83.7236874779 77.4269878371
887 161.254304049 84.165923794 77.0883802546
888 161.817947536 84.7645747118 77.0533728239
889 161.892864229 84.6727668246 77.2200974043
890 161.736659528 84.6536249931 77.0830345354
891 162.887441849 85.7729701973 77.1144716512
892 162.835715823 86.2098763802 76.6258394427
893 162.784474852 85.8422313448 76.942243507
894 163.607567956 86.6600237552 76.9475442004
895 164.037609073 86.536609241 77.5009998325
896 165.134132479 86.7854684225 78.348664057
897 165.663355518 86.7196154237 78.9437400942
898 165.118711069 86.1476083617 78.9711027074
899 164.782703866 85.8694927109 78.9132111547
900 164.178263184 85.809505786 78.3687573975
901 164.895466799 86.1904526072 78.7050141922
902 164.922444734 86.445265947 78.4771787867
903 166.188804268 87.0244774629 79.1643268048
904 166.155760292 86.7641276211 79.3916326714
905 165.123612298 85.446680465 79.6769318333
906 165.620375509 85.2960334899 80.3243420188
907 165.241046764 85.7841181604 79.4569286031
908 165.518211963 86.4914581838 79.0267537787
909 164.472069926 85.4302397964 79.0418301299
910 164.182250658 85.8587119642 78.3235386936
911 165.154268199 86.2612716468 78.8929965522
912 164.902629013 87.0050778109 77.8975512019
913 164.103745121 86.1134868583 77.9902582622
914 162.22780913 85.4223322704 76.8054768597
915 162.611378892 85.5639423808 77.047436511
916 162.428084588 85.2815987892 77.1464857986
917 161.954748213 85.0890402738 76.8657079396
918 163.070258845 85.8133588114 77.2569000333
919 162.78008414 86.0910753645 76.6890087755
920 162.333726216 86.4806968864 75.8530293294
921 162.12858889 86.3150833697 75.8135055201
922 163.750256928 87.7029494509 76.0473074772
923 164.795711966 88.5343333644 76.261378602
924 162.666848691 87.1946064144 75.4722422764
925 163.882767236 87.3715018184 76.5112654181
926 163.000897331 86.6980849189 76.302812412
927 163.184421079 86.7182787078 76.4661423716
928 162.561738037 86.6044613936 75.957276643
929 162.14975254 86.4158064275 75.7339461127
930 161.856132393 85.9871507948 75.868981598
931 161.46163703 85.7548441333 75.7067928962
932 160.554493821 85.0776149782 75.4768788426
933 161.638212385 85.3098383532 76.3283740315
934 161.423185259 85.6667955635 75.7563896953
935 161.704868835 85.5941679017 76.1107009332
936 162.835768945 86.1564397608 76.679329184
937 162.564337969 86.492780144 76.0715578249
938 162.518957017 86.0721415416 76.4468154753
939 162.413798864 85.7021591667 76.711639697
940 163.136605567 86.3845386431 76.7520669239
941 163.994551062 87.0414425473 76.953108515
942 165.112041328 87.4426508956 77.6693904327
943 166.134456602 88.3235012376 77.8109553646
944 164.957399848 87.5673895737 77.3900102738
945 164.552201251 87.0658780993 77.4863231521
946 165.163408948 87.5857001731 77.5777087745
947 164.37990141 87.1814742655 77.1984271443
948 165.891726105 88.5501442096 77.3415818953
949 165.760689562 88.7049468168 77.0557427456
950 164.288784985 88.4426335675 75.8461514179
951 162.575302792 87.1673378862 75.4079649059
952 163.72991039 87.4529711458 76.2769392442
953 163.795619635 86.9389742834 76.8566453516
954 161.95660637 85.9355122992 76.0210940705
955 162.363260664 85.9343247642 76.4289358998
956 162.60746047 86.2878928832 76.3195675867
957 163.120639824 86.3338671518 76.7867726727
958 162.696526419 85.750472898 76.9460535208
959 163.023039151 86.272956491 76.7500826602
960 162.847123328 86.4196394228 76.4274839048
961 163.203797206 87.2898622131 75.9139349933
962 163.45122599 86.4898613749 76.9613646153
963 162.336553897 85.1591465761 77.1774073208
964 163.103048488 85.4561206303 77.6469278579
965 164.292621212 85.8772973799 78.415323832
966 164.477138167 86.1651097139 78.3120284526
967 166.193700064 87.6989494015 78.4947506621
968 166.027279402 87.1446804131 78.8825989889
969 166.251975708 87.1934294433 79.058546265
970 166.461082429 86.982944849 79.4781375797
971 166.281604022 87.1124379487 79.1691660736
972 165.788913965 86.5502348564 79.2386791089
973 164.259367472 85.5944755186 78.6648919539
974 163.62794227 85.2098243958 78.4181178745
975 161.995314552 84.4260580458 77.5692565066
976 160.577958832 83.4757376633 77.1022211689
977 160.865090089 83.4804276633 77.3846624262
978 162.028837739 84.5479680857 77.4808696536
979 163.228922815 85.6804580546 77.5484647605
980 163.194375925 86.7772204586 76.4171554666
981 161.936082392 86.2404581518 75.6956242403
982 160.470564006 85.2059511963 75.2646128099
983 159.866470253 84.6583604401 75.2081098128
984 160.067852804 84.3152283225 75.7526244816
985 160.818776076 84.5650121022 76.2537639741
986 160.446259834 85.1723834314 75.273876403
987 161.787426235 85.6650830784 76.1223431571
988 162.616846329 86.8389348734 75.7779114559
989 162.554180564 86.8875082359 75.6666723283
990 161.37573525 86.0703820004 75.3053532498
991 161.571591272 86.1416724471 75.429918825
992 160.79433289 85.688726149 75.1056067413
993 160.308004513 84.656036829 75.6519676835
994 160.990547807 85.5678264819 75.4227213251
995 161.658413663 85.9663722384 75.6920414251
996 161.856880656 85.8438135641 76.0130670917
997 162.13927137 85.6819907423 76.457280628
998 161.456440199 84.7515894344 76.7048507645
999 162.004859043 84.6833873292 77.3214717142
