#! time[f,0]/ angle[f,1]/ velocity[f,2]/
-0.005 0 0
0 0 0
0.005 0.0 0.000999687516276
0.01 9.99687516276e-06 0.000998750260395
0.015 9.98750260395e-06 0.00199677636564
0.02 2.99646388191e-05 0.00199365455065
0.025 2.99240481104e-05 0.00298867438648
0.03 5.98513826839e-05 0.0029821263881
0.035 5.97453119914e-05 0.00397280241156
0.04 9.95794067995e-05 0.00396159551282
0.045 9.93612671197e-05 0.00494660072456
0.05 0.000149045414045 0.00492951432186
0.055 0.000148656410338 0.00590753546805
0.06 0.000208120768726 0.00588336424689
0.065 0.000207490052807 0.00685310498679
0.07 0.000276651818594 0.00682066205923
0.075 0.0002756966734 0.00778084609056
0.08 0.000354460279499 0.00773896608653
0.085 0.000353086334265 0.00868834022079
0.09 0.000441343681707 0.00863588232561
0.095 0.000439445157521 0.00957321950574
0.1 0.000537075876764 0.00950907043607
0.105 0.000534535861882 0.0104331726889
0.11 0.000641407603653 0.0103562495998
0.115 0.000638098357879 0.0112659509157
0.12 0.00075406711281 0.0111752042315
0.125 0.000749850400195 0.0120693733648
0.13 0.000874760846457 0.0119637895268
0.135 0.000869488295462 0.0128413327086
0.14 0.00100317417354 0.0127199368322
0.145 0.000996687663784 0.0135798003905
0.15 0.00113897217745 0.0134416588261
0.155 0.00113110425205 0.0142828317052
0.16 0.0012818004945 0.0141270544953
0.165 0.001272374797 0.0149485706694
0.17 0.00143128620119 0.0147743138967
0.175 0.00142011793597 0.0155752546704
0.18 0.0015870387479 0.0153817226904
0.185 0.00157393516287 0.016161218882
0.19 0.00174865093672 0.0159476664347
0.195 0.00173341182722 0.0167049004351
0.2 0.00191569994107 0.016470634631
0.205 0.00189811817353 0.0172048423342
0.21 0.00208774836441 0.0169492245085
0.215 0.00206761041861 0.017659697109
0.22 0.0022643453355 0.0173821445405
0.225 0.00224143186402 0.0180682301918
0.23 0.00244502763742 0.0177682176815
0.235 0.00241911404083 0.0184293230134
0.24 0.00262932086755 0.0181063843192
0.245 0.00260017788402 0.0187419758086
0.25 0.00281674062564 0.018395704932
0.255 0.00278413493334 0.0190053101246
0.26 0.00300679372688 0.0186353624473
0.265 0.00297048855782 0.0192185710268
0.27 0.00319897943715 0.0188246642925
0.275 0.00315873520074 0.0193811289949
0.28 0.0033927907271 0.0189630441359
0.285 0.0033483656421 0.0194924815066
0.29 0.00358771554217 0.0190500633114
0.295 0.00353886627521 0.0195522543027
0.3 0.0037832380852 0.0190854119242
0.305 0.00372972039446 0.0195602023325
0.31 0.00397884010852 0.0190689096345
0.315 0.0039204094908 0.0195162103755
0.32 0.00417400221228 0.0190005061177
0.325 0.00411041455198 0.0194202933396
0.33 0.00436820514567 0.0188802811992
0.335 0.00429921736397 0.0192725962325
0.34 0.004560931108 0.0187084446637
0.345 0.00448630181061 0.0190733938091
0.35 0.00475166504609 0.0184853357404
0.355 0.00467115516801 0.0188230898945
0.36 0.00493989594503 0.0182114222639
0.365 0.00485326939065 0.0185222163835
0.37 0.00512511810887 0.0178872995137
0.375 0.00503214238579 0.0181714319206
0.38 0.00530683242807 0.0175136887354
0.385 0.00520727927314 0.0177715202633
0.39 0.00548454763071 0.0170914353466
0.395 0.00537819362661 0.0173233883323
0.4 0.00565778151403 0.0166215068331
0.405 0.00554440869494 0.0168280639538
0.41 0.00582606215357 0.0161049903388
0.415 0.00570545859833 0.0162866932997
0.42 0.00598892908656 0.0155430899578
0.425 0.0058608894979 0.0157005380322
0.43 0.00614593446689 0.0149371237328
0.435 0.00601026073523 0.0150709721589
0.44 0.00629664418847 0.0142885203701
0.445 0.00615314593893 0.0143994786081
0.45 0.00644063897455 0.0135988156762
0.455 0.00628913409569 0.0136876455312
0.46 0.00657751542987 0.0128696487286
0.465 0.00641783058298 0.0129371623419
0.47 0.00670688705329 0.0121027577866
0.475 0.00653885816085 0.0121498155027
0.48 0.00682838520831 0.0112999759554
0.485 0.0066518579204 0.0113274840687
0.49 0.006941660049 0.0104632266127
0.495 0.00675649018653 0.0104721349997
0.5 0.007046381399 0.00959451860931
0.505 0.00685243537262 0.00958581825244
0.51 0.00714223958152 0.00869594125662
0.515 0.00693939478519 0.00867066166615
0.52 0.00722894619818 0.00776965911234
0.525 0.00701709137631 0.00772886565232
0.53 0.00730623485471 0.00681790657857
0.535 0.0070852704421 0.00676269770368
0.54 0.00737386183174 0.00584298232494
0.545 0.00714370026534 0.00577448673534
0.55 0.0074316066991 0.00484724355125
0.555 0.00719217270086 0.00476661727231
0.56 0.00747927287182 0.00383310010363
0.565 0.00723050370189 0.00374152349796
0.57 0.0075166881068 0.00280300845907
0.575 0.00725853378648 0.0027016831784
0.58 0.00754370493858 0.00175946559343
0.585 0.00727612844242 0.00164961147777
0.59 0.00756020105336 0.000705002748031
0.595 0.0072831784699 0.000587854680079
0.6 0.00756607960016 -0.00035782088938
0.605 0.00727960026101 -0.000481016166821
0.61 0.00756126943849 -0.00142642457359
0.615 0.00726533601527 -0.00155441166923
0.62 0.0075457253218 -0.00249821244485
0.625 0.00724035389082 -0.00262973055147
0.63 0.00751942801629 -0.00357058000963
0.635 0.00720464809072 -0.00370436614953
0.64 0.00748238435479 -0.00464092064305
0.645 0.00715823888429 -0.00477571291825
0.65 0.00743462722561 -0.00570663209666
0.655 0.00710117256333 -0.00584117293573
0.66 0.00737621549625 -0.00676512299539
0.665 0.00703352133337 -0.00689816238879
0.67 0.00730723387236 -0.00781381930738
0.675 0.0069553831403 -0.00794411802321
0.68 0.00722779269213 -0.00885017077056
0.685 0.00686688143259 -0.0089765035426
0.69 0.00713802765671 -0.00987165725982
0.695 0.00676816486 -0.00999281594005
0.7 0.0070380994973 -0.010875795079
0.705 0.00665940690921 -0.0109905917466
0.71 0.00692819357984 -0.0118601431618
0.715 0.00654080547759 -0.0119674131808
0.72 0.00680851944803 -0.0128223091666
0.725 0.00641258238592 -0.0129209141844
0.73 0.00667931030619 -0.0137599554486
0.735 0.00627498283144 -0.0138487863289
0.74 0.0065408224429 -0.0146708048968
0.745 0.00612827478247 -0.0147487845774
0.75 0.00639333459712 -0.0155526466184
0.755 0.00597274831628 -0.0156187328891
0.76 0.00623714726823 -0.0164033414584
0.765 0.0058087149017 -0.0164565296509
0.77 0.00607258197172 -0.0172208273399
0.775 0.0056365066283 -0.0172601529225
0.78 0.0058999804425 -0.0180031244119
0.785 0.00545647538418 -0.0180276654838
0.79 0.00571970378766 -0.0187483399915
0.795 0.00526899198427 -0.0187572196693
0.8 0.00553213159097 -0.0194546732885
0.805 0.00507444525138 -0.0194470619793
0.81 0.00533766097117 -0.0201204198997
0.815 0.00487324105239 -0.0200955374559
0.82 0.00513670559662 -0.0207439760639
0.825 0.00466580129175 -0.0207010938125
0.83 0.00492969465849 -0.0213238426635
0.835 0.00445256286511 -0.0212622853068
0.84 0.00471707180542 -0.0218586289664
0.845 0.00423397657545 -0.0217777763481
0.85 0.00449929404194 -0.0223470560956
0.855 0.00401050601449 -0.0222463448282
0.86 0.00427683059366 -0.0227879602203
0.865 0.00378262641229 -0.02266688517
0.87 0.00405016174196 -0.0231802954593
0.875 0.0035508234577 -0.023038411084
0.88 0.00381977763112 -0.0235231364892
0.885 0.0033155920928 -0.023360058027
0.89 0.00358617705085 -0.0238156808522
0.895 0.00307743528428 -0.0236310853572
0.9 0.00334986619728 -0.0240572509559
0.905 0.00283686277472 -0.0238508781784
0.91 0.00311135741549 -0.0242472957619
0.915 0.0025943898171 -0.0240189488708
0.92 0.00287116792678 -0.0243853921579
0.925 0.00235053589552 -0.0241349383043
0.93 0.00262981854374 -0.0244712460098
0.935 0.00210582343543 -0.0241986167292
0.94 0.00238783237645 -0.0245046928921
0.945 0.0018607765065 -0.0242098843449
0.95 0.002145733533 -0.0244856984935
0.955 0.00161591952157 -0.0241687715435
0.96 0.00190404581757 -0.0244143586983
0.965 0.00137177593459 -0.0240754388276
0.97 0.00166329142929 -0.0242908993412
0.975 0.00112886694117 -0.0239301764038
0.98 0.00142398966525 -0.0241156756388
0.985 0.000887710184786 -0.0237334034514
0.99 0.00118665563074 -0.0238891712965
0.995 0.000648818471821 -0.023485667069
1.0 0.000951798960047 -0.0236119972953
1.005 0.000412698498867 -0.0231876409018
1.01 0.000719922551029 -0.02328489036
1.015 0.000179849595268 -0.022840123452
1.02 0.000491521316509 -0.0229087111132
1.025 -4.92375158644e-05 -0.022444036078
1.03 0.000267080955729 -0.0224844419204
1.035 -0.000274081935068 -0.0220004206859
1.04 4.70767488708e-05 -0.0220131844298
1.045 -0.000494213779366 -0.0215104371201
1.05 -0.00016802762233 -0.0214961568149
1.055 -0.000709175347515 -0.0209753602594
1.06 -0.000377781224924 -0.0209346907259
1.065 -0.000918522254773 -0.0203965768253
1.07 -0.000581746993176 -0.0203302279566
1.075 -0.00112182453434 -0.0197755819107
1.08 -0.000779502812284 -0.0196843168377
1.085 -0.00131866770272 -0.0191139752388
1.09 -0.000970642564672 -0.0189986083622
1.095 -0.00150865378634 -0.018413457159
1.1 -0.00115477713626 -0.0182748520558
1.105 -0.0016914023069 -0.0176758243929
1.11 -0.00133153538019 -0.0175148915998
1.115 -0.00186655122289 -0.0169029655383
1.12 -0.00150056503557 -0.0167206602199
1.125 -0.00203375782509 -0.0160968563447
1.13 -0.00166153359902 -0.0158941758504
1.135 -0.0021926995836 -0.0152595547702
1.14 -0.00181412914672 -0.0150375360873
1.145 -0.00234307494447 -0.0143931958335
1.15 -0.00195806110506 -0.0141529129422
1.155 -0.00248460407389 -0.013499986273
1.16 -0.00209306096779 -0.01324254741
1.165 -0.00261702954799 -0.0125821990275
1.17 -0.00221888295806 -0.0123087438653
1.175 -0.00274011698665 -0.0116421675503
1.18 -0.00233530463357 -0.011353864299
1.185 -0.00285365562964 -0.0106822799734
1.19 -0.0024421274333 -0.0103803224121
1.195 -0.00295745885376 -0.00970497313408
1.2 -0.00253917716464 -0.00939057758004
1.205 -0.00305136462956 -0.00871272648083
1.21 -0.00262630442945 -0.0083871287028
1.215 -0.00313523591659 -0.0077080558719
1.22 -0.00270338498817 -0.00737250795655
1.225 -0.00320896099615 -0.00669350728365
1.23 -0.002770320061 -0.00634927446209
1.235 -0.00327245374077 -0.00567165044334
1.24 -0.00282703656544 -0.00532000788607
1.245 -0.00332565381963 -0.00464507240281
1.25 -0.00287348728947 -0.00428730199095
1.255 -0.00336852683954 -0.00361637106889
1.26 -0.00290965100015 -0.00325375814988
1.265 -0.00340106442104 -0.00258814870684
1.27 -0.00293553248722 -0.00222197884257
1.275 -0.00342328420947 -0.00156300543288
1.28 -0.00295116254155 -0.00119456114858
1.285 -0.00343522982095 -0.000543532712281
1.29 -0.00295659786867 -0.000174090254139
1.295 -0.00343697072349 0.000467693120831
1.3 -0.00295192093747 0.000836867011157
1.305 -0.00342860205338 0.00146811730581
1.31 -0.00293723976441 0.00183576859171
1.315 -0.00341024436747 0.00245521304377
1.32 -0.00291268763397 0.00282010356125
1.325 -0.00338204333185 0.00342648781586
1.33 -0.00287842275581 0.0037873984002
1.335 -0.00334416934785 0.0043794896158
1.34 -0.00283462785965 0.00473522317958
1.345 -0.00329681711606 0.00531181308107
1.35 -0.00278150972884 0.00566119763571
1.355 -0.0032402051397 0.00622110550734
1.36 -0.00271929867377 0.00656299712076
1.365 -0.00317457516849 0.00710507273128
1.37 -0.00264824794646 0.00743835841418
1.375 -0.00310019158435 0.00796148486691
1.38 -0.00256863309779 0.00828508538049
1.385 -0.00301734073054 0.00878818188114
1.39 -0.00248075127898 0.00910105445927
1.395 -0.00292633018595 0.00958307899477
1.4 -0.00238492048903 0.00988421997371
1.405 -0.00282748798621 0.0103441718951
1.41 -0.00228147877008 0.0106326192443
1.415 -0.00272116179377 0.0110695417475
1.42 -0.0021707833526 0.0113443774951
1.425 -0.00260771801882 0.011757359993
1.43 -0.00205320975267 0.0120177125401
1.435 -0.00248754089342 0.0124058929205
1.44 -0.00192915082347 0.0126509392379
1.445 -0.00236103150104 0.0130135060016
1.45 -0.00179901576345 0.0132424737042
1.455 -0.002228606764 0.0135786679772
1.46 -0.00166322908368 0.0137908372708
1.465 -0.00209069839129 0.0140999546862
1.47 -0.00152222953682 0.0142946601811
1.475 -0.00194775178948 0.0145760526264
1.48 -0.00137646901055 0.0147526850143
1.485 -0.00180022493934 0.0150057622388
1.49 -0.00122641138817 0.0151637698275
1.495 -0.00164858724106 0.0153880009063
1.5 -0.0010725313791 0.0155268910103
1.505 -0.00149331833096 0.0157218056612
1.51 -0.000915313322491 0.0158411458424
1.515 -0.00133490687253 0.0160063355924
1.52 -0.000755249966567 0.0161057547497
1.525 -0.00117384932504 0.016240873948
1.53 -0.000592841227087 0.0163200632524
1.535 -0.00101064869251 0.0164248299277
1.54 -0.00042859292781 0.0164835435996
1.545 -0.000845813256516 0.0165577401595
1.55 -0.000263015526215 0.0165957960884
1.555 -0.000679855295633 0.0166392698585
1.56 -9.66228276303e-05 0.0166565500614
1.565 -0.000513289795019 0.0166692136638
1.57 7.00693090073e-05 0.0166656645826
1.575 -0.000346633149193 0.0166474961522
1.58 0.000236544270529 0.0166231287884
1.585 -0.000180401861309 0.0165741720265
1.59 0.000402285990794 0.0165290619136
1.595 -1.51112421736e-05 0.0164494259791
1.6 0.000566780250585 0.0163837129922
1.605 0.000148725887748 0.0162735722297
1.61 0.000729515972882 0.0161874602334
1.615 0.000310600490082 0.0160470537401
1.62 0.000889986510283 0.0159408100748
1.625 0.00047000859083 0.0157704411064
1.63 0.00104769092135 0.0156443959151
1.635 0.000626452549981 0.0154444311327
1.64 0.00120213523267 0.015298976529
1.645 0.000779442315271 0.0150698450884
1.65 0.00135283368356 0.0149054341692
1.655 0.000928496656963 0.0146476266555
1.66 0.00149930995011 0.014464772359
1.665 0.00107314438055 0.0141788395684
1.67 0.0016410983458 0.0139781133822
1.675 0.00121292551437 0.0136646649547
1.68 0.00177774499534 0.0134466954759
1.685 0.00134739246913 0.013106398382
1.69 0.00190880897916 0.0128718697333
1.695 0.00147611116647 0.0125054466185
1.7 0.00203386344535 0.0122550967243
1.705 0.00159866213371 0.0118633241158
1.71 0.00215249668651 0.0115979428427
1.715 0.00171464156214 0.0111816492222
1.72 0.00226431317873 0.0109020763881
1.725 0.00182366232602 0.0104621401364
1.73 0.00236893458009 0.0101692633941
1.735 0.00192535495996 0.00970661061141
1.74 0.00246600068621 0.00940136321079
1.745 0.00201936859207 0.00891696541952
1.75 0.0025551703404 0.00860032385499
1.755 0.00210537183062 0.00809519558987
1.76 0.0026361222963 0.00776817713818
1.765 0.002183053602 0.00724337343009
1.77 0.0027085560306 0.00690703358511
1.775 0.00225212393785 0.00636364734479
1.78 0.00277219250405 0.00601907715553
1.785 0.0023123147094 0.00545823646372
1.79 0.00282677486869 0.00510655978226
1.795 0.00236338030723 0.00452942509312
1.8 0.00287206911962 0.0041717957393
1.805 0.00240509826462 0.00357955700396
1.81 0.00290786468966 0.003217155854
1.815 0.00243726982316 0.00261102957159
1.82 0.00293397498537 0.00224506157777
1.825 0.00245972043894 0.00162628778117
1.83 0.00295023786319 0.00125797893021
1.835 0.00247230022824 0.000627818114126
1.84 0.00295651604433 0.000258412331705
1.845 0.00247488435156 -0.000381857669313
1.85 0.00295269746763 -0.000751101660013
1.855 0.00246737333496 -0.00140018883577
1.86 0.00293869557928 -0.00176800069378
1.865 0.00244969332802 -0.00242460205695
1.87 0.00291444955871 -0.00278970303342
1.875 0.00242179629768 -0.00345250784439
1.88 0.00287992448026 -0.00381361401476
1.885 0.00238366015754 -0.00448130702474
1.89 0.00283511141002 -0.004837132535
1.895 0.00233528883219 -0.00550839723929
1.9 0.00278002743762 -0.00585765755829
1.905 0.0022767122566 -0.00653117945168
1.91 0.00271471564311 -0.00687259462128
1.915 0.00220798631039 -0.0075470644472
1.92 0.00263924499863 -0.00787936232223
1.925 0.00212919268717 -0.00855347930784
1.93 0.00255371020556 -0.00887539877769
1.935 0.00204043869939 -0.00954787384658
1.94 0.00245823146709 -0.00985816803036
1.945 0.00194185701909 -0.010527726985
1.95 0.00235295419724 -0.0108251663923
1.955 0.00183360535517 -0.0114905530582
1.96 0.00223804866666 -0.0117739287077
1.965 0.00171586606809 -0.0124339080313
1.97 0.00211370958634 -0.0127020345191
1.975 0.0015888457229 -0.0133553956122
1.98 0.00198015563022 -0.0136071141222
1.985 0.00145277458168 -0.0142526732445
1.99 0.00183762889778 -0.0144868544943
1.995 0.00130790603673 -0.0151234579671
2.0 0.00168639431811 -0.01533900508
2.005 0.00115451598593 -0.0159655321241
2.01 0.00152673899687 -0.0161613834223
2.015 0.00099290215171 -0.0167767489119
2.02 0.00135897150775 -0.0169518806223
2.025 0.000823383345486 -0.0175550377497
2.03 0.00118342113025 -0.0177084666163
2.035 0.000646298679323 -0.0182984094585
2.04 0.00100043703566 -0.0184291952547
2.045 0.000462006726777 -0.0190049612382
2.05 0.000810387423282 -0.0191122091722
2.055 0.000270884635055 -0.0196728814274
2.06 0.000613658609008 -0.0197557444361
2.065 7.33271906932e-05 -0.0203004540368
2.07 0.000410654068641 -0.0203581349605
2.075 -0.000130254158911 -0.0208860630423
2.08 0.000201793438217 -0.0209178166763
2.085 -0.000339432325674 -0.0214281964297
2.09 -1.24885260791e-05 -0.0214333314471
2.095 -0.000553765640145 -0.021925449978
2.1 -0.00023174302586 -0.0219033307189
2.105 -0.000772798947334 -0.0223765307751
2.11 -0.00045550833361 -0.0223265788976
2.115 -0.000996064736311 -0.0227802604533
2.12 -0.000683310938143 -0.0227019564427
2.125 -0.00122308430074 -0.0231355781407
2.13 -0.00091466671955 -0.0230284626721
2.135 -0.00145336892746 -0.0234415431176
2.14 -0.00114908215073 -0.0233052182696
2.145 -0.00168642111015 -0.023697337173
2.15 -0.00138605552246 -0.0235314674891
2.155 -0.00192173578505 -0.023902266655
2.16 -0.00162507818901 -0.0237065800495
2.165 -0.00215880158554 -0.0240557642105
2.17 -0.00186563583111 -0.0238300527172
2.175 -0.00239710211271 -0.0241573902082
2.18 -0.00210720973319 -0.0239015105701
2.185 -0.00263611721841 -0.0242068338433
2.19 -0.00234927807163 -0.0239207079412
2.195 -0.00287532429783 -0.0242039139203
2.2 -0.00259131721083 -0.0238875290399
2.205 -0.00311419958822 -0.0241485793111
2.21 -0.00283280300394 -0.0238019882475
2.215 -0.0033522194707 -0.0240409090889
2.22 -0.00307321209483 -0.0236642300887
2.225 -0.00358886177159 -0.0238811123367
2.23 -0.0033120232182 -0.0234745288769
2.235 -0.00382360706036 -0.0236695276304
2.24 -0.0035487184945 -0.0232332880356
2.245 -0.00405593994071 -0.0234066221984
2.25 -0.00378278471648 -0.0229410390974
2.255 -0.00428535033169 -0.0230929907607
2.26 -0.00401371462409 -0.0225984403819
2.265 -0.0045113347355 -0.0227293540475
2.27 -0.00424100816457 -0.0222062753584
2.275 -0.00473339748909 -0.0223165570053
2.28 -0.00446417373462 -0.0217654506939
2.285 -0.00495105199603 -0.0218555666902
2.29 -0.00468272940152 -0.021276993995
2.295 -0.00516382193598 -0.0213474698581
2.3 -0.0048962041001 -0.0207420512464
2.305 -0.00537124244844 -0.0207934702542
2.31 -0.00510413880265 -0.0201618839541
2.315 -0.00557286128798 -0.0201948856115
2.32 -0.00530608765876 -0.0195378659999
2.325 -0.00576823994798 -0.0195531443632
2.33 -0.00550161910239 -0.0188714802149
2.335 -0.00595695475013 -0.0188697820797
2.34 -0.00569031692319 -0.0181643146811
2.345 -0.00613859789694 -0.0181464376369
2.35 -0.00587178129956 -0.0174180587692
2.355 -0.00631277848463 -0.0173848491269
2.36 -0.00604562979083 -0.0166344989247
2.365 -0.00647912347388 -0.0165868495205
2.37 -0.00621149828603 -0.0158155142097
2.375 -0.00663727861598 -0.0157543620933
2.38 -0.00636904190697 -0.0149630716147
2.385 -0.00678690933212 -0.0148893956247
2.39 -0.00651793586321 -0.0140792211501
2.395 -0.00692770154362 -0.0139940393851
2.4 -0.00665787625706 -0.01316609073
2.405 -0.00705936245092 -0.0130704579207
2.41 -0.00678858083627 -0.0122258808622
2.415 -0.00718162125955 -0.0121208856503
2.42 -0.00690978969277 -0.0112608591554
2.425 -0.0072942298511 -0.0111476212884
2.43 -0.00702126590566 -0.0102733546605
2.435 -0.0073969633977 -0.0101530221066
2.44 -0.00712279612672 -0.00926575205698
2.445 -0.00748962091827 -0.00913949804971
2.45 -0.00721419110722 -0.00824048570094
2.455 -0.00757202577528 -0.00810950571906
2.46 -0.00729528616441 -0.00720003354888
2.465 -0.00764402611077 -0.00706554224057
2.47 -0.00736594158682 -0.0061469109726
2.475 -0.0077054952205 -0.00601013903069
2.48 -0.00742604297712 -0.00508366448063
2.485 -0.0077563318653 -0.00494585547708
2.49 -0.00747550153189 -0.00401286536187
2.495 -0.00779646051892 -0.00387527254928
2.5 -0.00751425425739 -0.00293710326734
2.505 -0.0078258315516 -0.00280098635567
2.51 -0.00754226412094 -0.00185897974614
2.515 -0.00784442134906 -0.00172560166245
2.52 -0.00755952013757 -0.000781101751657
2.525 -0.00785223236657 -0.000651725391235
2.53 -0.00756603739148 0.000293924865644
2.535 -0.00784929311792 0.00041803988883
2.54 -0.00756185699259 0.00136350186263
2.545 -0.00783565809929 0.00148110245793
2.55 -0.00754704596801 0.00242504508886
2.555 -0.0078114076484 0.00253488791528
2.56 -0.00752169708886 0.00347599093664
2.565 -0.00777664773904 0.00357684560552
2.57 -0.00748592863281 0.00451380273977
2.575 -0.00773150971164 0.00460445498566
2.58 -0.00743988408295 0.00553597710479
2.585 -0.00767614994059 0.00561523191671
2.59 -0.00738373176378 0.00654005015908
2.595 -0.007610749439 0.00660673486429
2.6 -0.00731766441514 0.00752360370018
2.605 -0.007535513402 0.00757657099269
2.61 -0.00724189870521 0.00848427123086
2.615 -0.00745067068969 0.00852240213716
2.62 -0.00715667468384 0.00941974386488
2.625 -0.00735647325104 0.00944195063948
2.63 -0.00706225517745 0.0103277760888
2.635 -0.00725319549015 0.0103330050323
2.64 -0.00695892512712 0.0112061913654
2.645 -0.0071411335765 0.0111934255579
2.65 -0.00684699087154 0.0120528875643
2.655 -0.00702060470086 0.0120211495077
2.66 -0.00672677937647 0.0128658422073
2.665 -0.00689194627878 0.0128141963694
2.67 -0.00659863741277 0.0136431175137
2.675 -0.00675551510365 0.0135706727681
2.68 -0.00646293068509 0.0143828652344
2.685 -0.0066116864513 0.0142887771899
2.69 -0.00632004291319 0.0150833312625
2.695 -0.00646085313868 0.0149668044761
2.7 -0.00617037486843 0.0157428600078
2.705 -0.0063034245386 0.015603150076
2.71 -0.00601434336767 0.0163598985252
2.715 -0.00613982555335 0.0161963140484
2.72 -0.00585238022719 0.0169330003874
2.725 -0.00597049554947 0.0167449048019
2.73 -0.00568493117917 0.0174608292901
2.735 -0.00579588725657 0.0172476425636
2.74 -0.00551245475353 0.0179421623827
2.745 -0.00561646563274 0.0177033625694
2.75 -0.00533542112784 0.0183758933148
2.755 -0.0054327066996 0.0181110179655
2.76 -0.00515431094818 0.0187610349925
2.765 -0.00524509634967 0.0184696824162
2.77 -0.00496961412402 0.0190967220354
2.775 -0.00505412912932 0.0187785524097
2.78 -0.00478182859993 0.0193822129301
2.785 -0.00486030700002 0.0190369492577
2.79 -0.00459145910735 0.0196168918737
2.795 -0.00466413808128 0.0192443207818
2.8 -0.00439901589953 0.0198002703036
2.805 -0.00446613537824 0.0194002426847
2.81 -0.00420501347269 0.0199319881085
2.815 -0.00426681549716 0.0195044196013
2.82 -0.00400996927667 0.0200118145188
2.825 -0.00406669735197 0.0195566858276
2.83 -0.0038144024184 0.0200396486736
2.835 -0.00386630086523 0.0195570057251
2.84 -0.00361883236115 0.020015519863
2.845 -0.0036661456666 0.0195054738008
2.85 -0.00342377762314 0.0199395874449
2.855 -0.00346674979215 0.0194023144612
2.86 -0.00322975447852 0.0198121404369
2.865 -0.00326862838778 0.019247881442
2.87 -0.0030372756641 0.0196335967839
2.875 -0.00307229241995 0.0190426569142
2.88 -0.00284684909496 0.0194045023035
2.885 -0.00287824739691 0.0187872502694
2.89 -0.00265897659227 0.0191255293121
2.895 -0.00268699210379 0.0184823965871
2.9 -0.0024741526264 0.018797474934
2.905 -0.00249901735445 0.0181289547876
2.91 -0.00229286307852 0.0184212590995
2.915 -0.00231480476345 0.0177279054753
2.92 -0.00211558402377 0.017997922235
2.925 -0.0021348255411 0.0172803484784
2.93 -0.00194278053898 0.0175286226532
2.935 -0.00195953931457 0.0167875000898
2.94 -0.00177490553808 0.0170146336472
2.945 -0.0017893929781 0.0162506900174
2.95 -0.00161239863791 0.0164573402984
2.955 -0.00162481957512 0.0156713580504
2.96 -0.00145568505741 0.015858236004
2.965 -0.00146623721507 0.0150510504515
2.97 -0.00130517455289 0.0152189187348
2.975 -0.00131404802773 0.0143914160815
2.98 -0.00116126039208 0.0145410870306
2.985 -0.00116863715742 0.0136942022684
2.99 -0.00102431836939 0.0138265357448
2.995 -0.00103037179997 0.0129612504301
3.0 -0.000894705865091 0.0130771515481
3.005 -0.000899600284492 0.0121944914622
3.01 -0.000772760950469 0.0122949082029
3.015 -0.000776651202463 0.0113959409015
3.02 -0.000658801541454 0.0114818616196
3.025 -0.000661832586267 0.0105676938784
3.03 -0.00055312460267 0.0106401447081
3.035 -0.000555431139185 0.0097119198703
3.04 -0.000456005403967 0.00977196203623
3.045 -0.000457711518823 0.00883085726916
3.05 -0.000367696831276 0.00887958430955
3.055 -0.000368915675728 0.00792680777658
3.06 -0.00028842875351 0.00796534268581
3.065 -0.000289262248869 0.00700213064091
3.07 -0.000218407447101 0.00703162293804
3.075 -0.000218946019489 0.00605923675033
3.08 -0.000157815079597 0.00608085948133
3.085 -0.000158137424676 0.00510058259693
3.09 -0.000106809253628 0.00511552927802
3.095 -0.000106982131896 0.00412866412682
3.1 -6.55226123598e-05 0.00413814563652
3.105 -6.56006755305e-05 0.00314601049152
3.11 -3.40625074446e-05 0.00315125191927
3.115 -3.40881563378e-05 0.00215517771644
3.12 -1.25107302802e-05 0.00215741517565
3.125 -1.25140045813e-05 0.00115874230218
3.13 -9.23307258399e-07 0.00115921971564
3.135 -9.21807424951e-07 0.000159294774579
3.14 6.69640487388e-07 0.00015926064036
3.145 6.70798978652e-07 -0.000840566800217
3.15 -7.73602751478e-06 -0.000839862654309
3.155 -7.72782756444e-06 -0.00183824331957
3.16 -2.61184607104e-05 -0.00183555298491
3.165 -2.60833574135e-05 -0.00283114115074
3.17 -5.44298722178e-05 -0.00282522188196
3.175 -5.43355762331e-05 -0.00381667862364
3.18 -9.25966584542e-05 -0.00380629606981
3.185 -9.23985369312e-05 -0.00479229249364
3.19 -0.000140519583391 -0.00477622390838
3.195 -0.000140160776015 -0.00575544435832
3.2 -0.000198074026974 -0.00573248178095
3.205 -0.000197485593824 -0.00670362701219
3.21 -0.000265110297096 -0.00667258041177
3.215 -0.000264211397942 -0.00763437072335
3.22 -0.000341454004329 -0.00759407109789
3.225 -0.000340152108921 -0.00854524941651
3.23 -0.000426906498494 -0.00849455183955
3.235 -0.000425097627317 -0.00943388674689
3.24 -0.000521245365963 -0.00937167335377
3.245 -0.000518814360854 -0.0102979620498
3.25 -0.000624224986462 -0.0102231449562
3.255 -0.000621045810416 -0.0111352161512
3.26 -0.000735577147974 -0.0110467402966
3.265 -0.000731513213382 -0.0119434570241
3.27 -0.000855011718214 -0.0118403029331
3.275 -0.000849916242713 -0.0127205652777
3.28 -0.000982217370991 -0.0126017517322
3.285 -0.000975933760035 -0.0134644994645
3.29 -0.00111686236564 -0.0133290860804
3.295 -0.00110922462084 -0.014173301193
3.3 -0.00125859537757 -0.0140203908939
3.305 -0.00124942852978 -0.0148451000324
3.31 -0.00140704637789 -0.0146738414158
3.315 -0.00139616694394 -0.0154781181975
3.32 -0.00156182755987 -0.0152877077862
3.325 -0.0015490440218 -0.0160706750024
3.33 -0.00172253430989 -0.0158603593756
3.335 -0.00170764761555 -0.0166211910709
3.34 -0.0018887462206 -0.0163902688705
3.345 -0.00187155030426 -0.017128192294
3.35 -0.00206002814354 -0.0168760161005
3.355 -0.00204031046526 -0.0175903135246
3.36 -0.00223593127879 -0.0173162915975
3.365 -0.00221347338124 -0.0180063019987
3.37 -0.00241599429877 -0.0177098998778
3.375 -0.00239057238002 -0.0183750204773
3.38 -0.00259974450355 -0.0180557624407
3.385 -0.00257113000442 -0.0186954500981
3.39 -0.00278669900453 -0.0183529204725
3.395 -0.00275465920915 -0.0189666929318
3.4 -0.00297636593384 -0.0186005372533
3.405 -0.00294066458168 -0.0191879742367
3.41 -0.00316824567621 -0.0187979002574
3.415 -0.00312864358426 -0.0193586444042
3.42 -0.00336183212025 -0.0189444229437
3.425 -0.00331808781369 -0.0194781805924
3.43 -0.00355661392618 -0.0190396462311
3.435 -0.003508484276 -0.0195461880429
3.44 -0.00375207580661 -0.019083239655
3.445 -0.00369931667255 -0.0195624010763
3.45 -0.00394769981737 -0.019075002203
3.455 -0.00389006669458 -0.0195266837665
3.46 -0.00414296665503 -0.019014862826
3.465 -0.00408021532284 -0.0194390302898
3.47 -0.00433735695793 -0.0189028806253
3.475 -0.0042692441291 -0.0192995649487
3.48 -0.00453035260742 -0.0187392447137
3.485 -0.00445663657623 -0.0191085418711
3.49 -0.00472143802613 -0.0185242737524
3.495 -0.00464187931376 -0.018866344384
3.5 -0.00491010146997 -0.0182584151627
3.505 -0.00482446346538 -0.0185734840652
3.51 -0.00509583631062 -0.0179422440175
3.515 -0.00500388590556 -0.0182305994741
3.52 -0.00527814230536 -0.0175764616124
3.525 -0.00517965052168 -0.0178384545644
3.53 -0.00545652685101 -0.0171618937216
3.535 -0.0053512694589 -0.0173979367844
3.54 -0.00563050621885 -0.016699488543
3.545 -0.00551826434433 -0.0169100548679
3.55 -0.00579960676753 -0.0161903143369
3.555 -0.0056801674877 -0.0163759363219
3.56 -0.00596336613075 -0.0156355567647
3.565 -0.00583652305534 -0.0157968246183
3.57 -0.00612133437693 -0.0150365159338
3.575 -0.00598688821468 -0.015174076094
3.58 -0.00627307513787 -0.0143946031569
3.585 -0.00613083424625 -0.0145091565707
3.59 -0.00641816670358 -0.0137113374329
3.595 -0.00626794762058 -0.0138036376999
3.6 -0.00655620308058 -0.0129883416589
3.605 -0.00639783103717 -0.0130591930432
3.61 -0.00668679501101 -0.0122273385819
3.615 -0.00652010442299 -0.0122775938989
3.62 -0.00680957095 -0.0114301465019
3.625 -0.00663440588801 -0.0114607048834
3.63 -0.00692417799883 -0.0105986747346
3.635 -0.00674039263535 -0.0106104792791
3.64 -0.00703028279163 -0.00973491884837
3.645 -0.00683774182384 -0.00972895416169
3.65 -0.00712757233324 -0.00884095568388
3.655 -0.00692615138068 -0.00881824531686
3.66 -0.00721575478641 -0.0079189381717
3.665 -0.00700534076239 -0.00788054196098
3.67 -0.00729456020602 -0.00697108995914
3.675 -0.00707505166198 -0.00691810127775
3.68 -0.0073637412188 -0.00599969986039
3.685 -0.00713504866059 -0.00593324278516
3.69 -0.00742307364665 -0.0050071161437
3.695 -0.00718511982203 -0.0049283425465
3.7 -0.00747235707211 -0.00399574066996
3.705 -0.00722507722873 -0.00390582724003
3.71 -0.00751141534451 -0.0029680228972
3.715 -0.0072547574577 -0.00286816810205
3.72 -0.00754009702554 -0.00192645376606
3.725 -0.00727402199536 -0.00181787475858
3.73 -0.00755827577312 -0.000873559481599
3.735 -0.00728275759017 -0.000757488961012
3.74 -0.00756585066273 0.000188104793221
3.745 -0.00728087654224 0.000310421758566
3.75 -0.00756274644515 0.0012559613164
3.755 -0.00726831692908 0.00138327049655
3.76 -0.00754891374018 0.00232741620232
3.765 -0.00724504276705 0.00245845743549
3.77 -0.00752432916583 0.00339986589757
3.775 -0.00721104410808 0.00353337633406
3.78 -0.00748899540248 0.00447070368094
3.785 -0.00716633707127 0.00460542103317
3.79 -0.00744294119215 0.00553732617156
3.795 -0.00711096380955 0.00567199196193
3.8 -0.00738622127253 0.00659713982856
3.805 -0.00704499241127 0.00673050262719
3.81 -0.00731891624626 0.00764756742635
3.815 -0.006968516737 0.00777838607046
3.82 -0.00724113238556 0.00868605448914
3.825 -0.00688165619211 0.00881310127611
3.83 -0.0071530013728 0.00971007566868
3.835 -0.00678455543543 0.00983213951468
3.84 -0.00705467997765 0.0107171410492
3.845 -0.00667738402493 0.0108330306057
3.85 -0.00694634967159 0.0117048023642
3.855 -0.00656033600129 0.0118133490842
3.86 -0.00682821618075 0.0126706591084
3.865 -0.00643362941021 0.0127707202552
3.87 -0.0067005089782 0.0136123645314
3.875 -0.00629750576489 0.013702826122
3.88 -0.00656348071698 0.0145276314967
3.885 -0.00615222944993 0.0146074111722
3.89 -0.00641740660526 0.0154142381911
3.895 -0.00599808706802 0.0154822880083
3.9 -0.00626258372517 0.0162700336719
3.905 -0.0058353867313 0.0163253428069
3.91 -0.00609933029711 0.0170929432367
3.915 -0.00566445729893 0.0171345405957
3.92 -0.00592798489115 0.0178809736025
3.925 -0.00548564756291 0.0179079303322
3.93 -0.00574890558783 0.0186322178812
3.935 -0.00529932538409 0.0186436497733
3.94 -0.00556246909009 0.0193448603404
3.945 -0.00510587678069 0.0193399301228
3.95 -0.00536906978887 0.0200171809347
3.955 -0.00490570497134 0.0199951004455
3.96 -0.00516911878441 0.0206475595995
3.965 -0.00469922937535 0.0206075918368
3.97 -0.00496304286604 0.0212344802938
3.975 -0.00448688457241 0.0211759413372
3.98 -0.00475128345267 0.0217765347838
3.985 -0.00426911922457 0.0216987955822
3.99 -0.00453429549685 0.0222724261571
3.995 -0.004046394963 0.0221749141785
4.0 -0.00431254635506 0.0227209720581
4.005 -0.00381918524242 0.0226031727973
4.01 -0.00408651462709 0.023121107638
4.015 -0.00358797416604 0.0229825659784
4.02 -0.00385668896731 0.0234718882104
4.025 -0.00335325528393 0.0233122096365
4.03 -0.00362356687094 0.0237724916072
4.035 -0.00311553036786 0.0235913432649
4.04 -0.00338765343829 0.0240222202282
4.045 -0.00287530816558 0.0238193318298
4.05 -0.00314946011999 0.0242205027794
4.055 -0.00263310313779 0.0239956673515
4.06 -0.00290950344648 0.0243668956954
4.065 -0.00238943418083 0.0241199701677
4.07 -0.0026683037448 0.0244610842432
4.075 -0.0021448233384 0.0241919898764
4.08 -0.00242638384604 0.0245028833034
4.085 -0.00189979450537 0.0242116059562
4.09 -0.00218426778648 0.0244922378285
4.095 -0.00165487212708 0.0241788280607
4.1 -0.00194247950587 0.024429222975
4.105 -0.00141057989733 0.0240937959896
4.11 -0.00170154154597 0.0243140439107
4.115 -0.00116743945822 0.0239567793325
4.12 -0.00146197375265 0.0241470352976
4.125 -0.000925969105247 0.0237681767902
4.13 -0.00122429198475 0.0239286604503
4.135 -0.000686682500744 0.0235285151717
4.14 -0.000989006833029 0.0236595101735
4.145 -0.000450087399009 0.0232384480729
4.15 -0.0007566223523 0.0233403012809
4.155 -0.000216684386199 0.0228987542364
4.16 -0.000527634809936 0.0229718747989
4.165 1.30343617899e-05 0.0225103356006
4.17 -0.00030253145393 0.0225551938604
4.175 0.000238586300394 0.0220742150395
4.18 -8.17893035347e-05 0.022091341293
4.185 0.000459499713324 0.021591533801
4.19 0.000134126034475 0.0215815169085
4.195 0.00067531488241 0.0210635486491
4.2 0.000344761520967 0.0210270345
4.205 0.00088558522741 0.020491628718
4.21 0.000549677808147 0.0204293185538
4.215 0.00108987841295 0.0198772520845
4.22 0.000748450328992 0.0197899006856
4.225 0.0012877774198 0.019222002069
4.23 0.000940670349681 0.0191104158077
4.235 0.00147888157788 0.0185275632731
4.24 0.00112594598241 0.0183925980399
4.245 0.00166280755828 0.0177957173647
4.25 0.00130390315606 0.0176382763705
4.255 0.00183919032198 0.0170283386194
4.26 0.00147418654225 0.016849370082
4.265 0.0020076840228 0.0162273892318
4.27 0.00163646043457 0.0160278839501
4.275 0.0021679628623 0.0153949144067
4.28 0.00179040957864 0.0151759032297
4.285 0.0023197218946 0.0145330372423
4.29 0.00193573995106 0.0142955884397
4.295 0.002462677779 0.0136439534198
4.3 0.00207217948526 0.0133891699592
4.305 0.00259656947859 0.0127299257109
4.31 0.00219947874237 0.0124589424506
4.315 0.0027211589031 0.0117932783182
4.32 0.00231741152555 0.0115072591202
4.325 0.0028362314943 0.0108363910617
4.33 0.00242577543617 0.0105365258345
4.335 0.00294159675264 0.00986169342674
4.34 0.00252439237043 0.00954919510349
4.345 0.00303708870368 0.00887165848796
4.35 0.00261310895531 0.00854775994827
4.355 0.00312256630316 0.00786879672386
4.36 0.00269179692255 0.00753474766719
4.365 0.00319791377983 0.00685564973855
4.37 0.00276035341994 0.00651271351656
4.375 0.003263040915 0.00583478390551
4.38 0.00281870125899 0.00548423432148
4.385 0.00331788325821 0.0048087839496
4.39 0.00286678909849 0.00445190203295
4.395 0.00336240227854 0.00378024648328
4.4 0.00290459156332 0.00341831724712
4.405 0.00339658545101 0.00275177351326
4.41 0.00293210929845 0.00238608270326
4.415 0.00342044627805 0.00172596593368
4.42 0.00294936895779 0.00135779677625
4.425 0.00343402424581 0.000705417022214
4.43 0.00295642312801 0.000336046980204
4.435 0.00343738471561 -0.000307294044639
4.44 0.00295335018757 -0.000676596500668
4.445 0.0034306187506 -0.00130960864103
4.45 0.00294025410116 -0.00167758723784
4.455 0.00341384287823 -0.00229899508972
4.46 0.00291726415026 -0.00266440892471
4.465 0.00338719878898 -0.00327295499254
4.47 0.00288453460033 -0.00363458166751
4.475 0.0033508529723 -0.00422902947768
4.48 0.00284224430556 -0.00458566818506
4.485 0.00330499629045 -0.00516480534798
4.49 0.00279059625208 -0.00551527990192
4.495 0.00324984349143 -0.00607792111506
4.5 0.00272981704093 -0.00642108291972
4.505 0.00318563266224 -0.006966072904
4.51 0.00266015631189 -0.00730080385174
4.515 0.00311262462372 -0.00782702021404
4.52 0.00258188610975 -0.00815223550608
4.525 0.00303110226866 -0.00865859152069
4.53 0.00249530019454 -0.00897324240337
4.535 0.00294136984463 -0.00945868970534
4.54 0.00240071329749 -0.00976176611507
4.545 0.00284375218347 -0.0102252972989
4.55 0.0022984603245 -0.0105158304091
4.555 0.00273859387938 -0.0109564815261
4.56 0.00218889550924 -0.0112335461898
4.565 0.00262625841749 -0.0116503991382
4.57 0.00207239151785 -0.0119131162206
4.575 0.00250712725528 -0.0123053010216
4.58 0.00194933850764 -0.0125528396157
4.585 0.00238159885912 -0.0129195365713
4.59 0.00182014314192 -0.0131511160924
4.595 0.0022500876982 -0.0134915578179
4.6 0.00168522756375 -0.0137064499707
4.605 0.00211302319849 -0.0140199232977
4.61 0.00154502833077 -0.0142174539119
4.615 0.00197084865937 -0.0145033016575
4.62 0.00139999531419 -0.0146828523862
4.625 0.00182402013551 -0.0149404749826
4.63 0.00125059056437 -0.0151014848605
4.635 0.00167300528691 -0.0153303418424
4.64 0.00109728714594 -0.0154723086989
4.645 0.00151828219992 -0.015671920044
4.65 0.000940567945504 -0.0157944017688
4.655 0.00136033818223 -0.0159643490882
4.66 0.000780924454622 -0.0160669647446
4.665 0.00119966853478 -0.0162068923209
4.67 0.000618855531413 -0.0162893231057
4.675 0.00103677530373 -0.0163989387748
4.68 0.000454866143665 -0.0164609288212
4.685 0.000872166015514 -0.0165400046973
4.69 0.000289466096692 -0.0165813617194
4.695 0.000706352398321 -0.0166297347594
4.7 0.000123168749098 -0.0166503305368
4.705 0.000539849092953 -0.0166679029449
4.71 -4.35102803503e-05 -0.0166676736453
4.715 0.0003731723565 -0.0166544131148
4.72 -0.000210054411499 -0.0166333594552
4.725 0.000206838761948 -0.0165892992483
4.73 -0.000375947403981 -0.0165474864928
4.735 4.136389702e-05 -0.0164727253572
4.74 -0.000540674657553 -0.0164102831528
4.745 -0.000122738934508 -0.0163049850763
4.75 -0.000703724508316 -0.0162221071264
4.755 -0.000284960005772 -0.016086500929
4.76 -0.000864589517606 -0.0159834445054
4.765 -0.000444794450826 -0.0158178232712
4.77 -0.00102276775032 -0.015694908566
4.775 -0.000601743536486 -0.0154996289148
4.78 -0.00117776403947 -0.0153572382338
4.785 -0.000755315918824 -0.0151327194357
4.79 -0.00132909123382 -0.0149712962355
4.795 -0.000905028881179 -0.0147180191698
4.8 -0.00147627142552 -0.0145380669406
4.805 -0.00105040955058 -0.0142565729018
4.81 -0.00161883715454 -0.0140586538987
4.815 -0.00119099608957 -0.0137495432527
4.82 -0.00175633258707 -0.0135342770796
4.825 -0.00132633886037 -0.0131982077735
4.83 -0.0018883146648 -0.0129662698214
4.835 -0.00145600155858 -0.0126039557502
4.84 -0.0020143542223 -0.0123560754956
4.845 -0.00157956231354 -0.011968284731
4.85 -0.00213403706961 -0.0117052438977
4.855 -0.00169661475252 -0.0112927967811
4.86 -0.00224696503742 -0.01101542737
4.865 -0.00180676902621 -0.0105791944779
4.87 -0.0023527569822 -0.0102883766699
4.875 -0.00190965279291 -0.00982927665351
4.88 -0.00245104974874 -0.00952593659084
4.885 -0.00200491215882 -0.00904493389702
4.89 -0.00254149908771 -0.00873004134874
4.895 -0.00209221257231 -0.00822814382774
4.9 -0.00262378052599 -0.00790270974437
4.905 -0.00217123966975 -0.00738096615021
4.91 -0.00269759018749 -0.00704604011462
4.915 -0.0022417000709 -0.0065055375043
4.92 -0.00276264556253 -0.00616220508466
4.925 -0.00230332212175 -0.00560406612275
4.93 -0.00281868622376 -0.00525344613437
4.935 -0.00235585658309 -0.00467882630978
4.94 -0.00286547448686 -0.00432206799257
4.945 -0.00239907726302 -0.00373215275437
4.95 -0.0029027960144 -0.00337043287309
4.955 -0.00243278159175 -0.00276643469256
4.96 -0.00293046036133 -0.00240095456703
4.965 -0.00245679113742 -0.00178410993333
4.97 -0.00294830146066 -0.00141609240599
4.975 -0.00247095206148 -0.000787658762911
4.98 -0.00295617804829 -0.000418345111492
4.985 -0.00247513551259 0.000220402257095
4.99 -0.00295397402572 0.000589755454293
4.995 -0.00246923795805 0.00123752658241
5.0 -0.00294159875989 0.00160565062064
5.005 -0.00245318145184 0.0022611440538
5.01 -0.00291898731935 0.00262676130753
5.015 -0.00242691383877 0.00328866732391
5.02 -0.00288610064612 0.00365049447595
5.025 -0.00239040889401 0.00431749832714
5.03 -0.00284292566284 0.00467424961323
5.035 -0.00234366639787 0.00534503477647
5.04 -0.00278947531508 0.00569542523714
5.045 -0.0022867121455 0.00636867667085
5.05 -0.00272578854837 0.0067114254025
5.055 -0.00221959789148 0.00738583279701
5.06 -0.0026519302204 0.00771966619403
5.065 -0.00214240122954 0.00839392720945
5.07 -0.00256799094831 0.00871758218922
5.075 -0.00205522540765 0.00939040567224
5.08 -0.00247408689158 0.00970263287511
5.085 -0.00195819907889 0.0103727420468
5.09 -0.00237035947112 0.0106723090028
5.095 -0.00185147598887 0.0113384446094
5.1 -0.00225697502502 0.0116241388642
5.105 -0.00173523460022 0.012285062283
5.11 -0.00213412440219 0.0125556944745
5.115 -0.00160967765548 0.013210190767
5.12 -0.00200202249452 0.0134645976458
5.125 -0.00147503167902 0.014111478551
5.13 -0.00186090770901 0.0143485259368
5.135 -0.00133154641965 0.014986632796
5.14 -0.00171104138105 0.0152052184621
5.145 -0.00117949423503 0.0158334250696
5.15 -0.00155270713036 0.0160324815488
5.155 -0.00101916941954 0.0166496969196
5.16 -0.00138621016116 0.0168281942246
5.165 -0.000850887477299 0.0174333652736
5.17 -0.00121187650842 0.0175903135248
5.175 -0.000674984342051 0.0181824276498
5.18 -0.00103005223193 0.0183168796035
5.185 -0.000491815546016 0.0188949671662
5.19 -0.000841102560265 0.0190060206383
5.195 -0.000301755339633 0.0195691573368
5.2 -0.000645410986897 0.019655957514
5.205 -0.000105195764494 0.0202032666413
5.21 -0.000443378320484 0.0202650082754
5.215 9.74543182599e-05 0.0207956628574
5.22 -0.00023542169191 0.020831592337
5.225 0.00030577024163 0.0213448171453
5.23 -2.19735204572e-05 0.0213542344395
5.235 0.000519312586025 0.0218493078741
5.24 0.000196519558284 0.0218315683432
5.245 0.000737628269458 0.0223078241799
5.25 0.000419597800082 0.0222623402487
5.255 0.000960251671944 0.0227191692472
5.26 0.000646789492554 0.0226454119367
5.265 0.00118670579131 0.0230822633054
5.27 0.000877612125608 0.0229797636196
5.275 0.00141650342751 0.0233961463333
5.28 0.00111157358894 0.0232644964965
5.285 0.00164914839247 0.023659980463
5.29 0.00134817339357 0.0234988350056
5.295 0.00188413674253 0.0238730520803
5.3 0.00158690391437 0.0236821287697
5.305 0.00212095803022 0.0240347736136
5.31 0.00182725165051 0.023813854228
5.315 0.0023590965725 0.0241446850075
5.32 0.00206869850058 0.0238936159512
5.325 0.00259803273202 0.0242024548791
5.33 0.00231072304938 0.0239211476368
5.335 0.00283724420838 0.0242078813514
5.34 0.00255280186289 0.0238963127809
5.345 0.00307620733619 0.0241608925637
5.35 0.00279441078853 0.0238191050267
5.355 0.00331439838646 0.0240615468572
5.36 0.0030350262571 0.0236896481866
5.365 0.00355129486833 0.023910032635
5.37 0.00327412658345 0.0235081959405
5.375 0.00378637682773 0.023706667897
5.38 0.00351119326242 0.0232751312077
5.385 0.00401912813981 0.0234518994515
5.39 0.00374571225693 0.0229909651976
5.395 0.00424903779178 0.0231463018041
5.4 0.00397717527497 0.0226563361388
5.405 0.00447560115317 0.0227905757284
5.41 0.00420508103226 0.022272007691
5.415 0.00469832123008 0.0223855465202
5.42 0.00442893649746 0.0218388670435
5.425 0.00491670990051 0.0219321619416
5.43 0.00464825811688 0.021357922705
5.435 0.00513028912757 0.0214314898581
5.44 0.00486257301546 0.0208303019906
5.445 0.00533859214747 0.0208847155761
5.45 0.00507142017122 0.0202572482108
5.455 0.00554116462958 0.0202931388871
5.46 0.00527435156009 0.0196401175722
5.465 0.0057375658053 0.0196581708252
5.47 0.00547093326834 0.0189803757947
5.475 0.00592736956325 0.0189813301472
5.48 0.00566074656981 0.018279594456
5.485 0.00611016550781 0.0182642395433
5.49 0.00584338896525 0.0175394470708
5.495 0.00628555997852 0.0175086215878
5.5 0.00601847518113 0.0167617049161
5.505 0.00645317702768 0.0167162944412
5.51 0.00618563812554 0.0159482326116
5.515 0.00661265935379 0.015889167312
5.52 0.00634452979866 0.0151009834669
5.525 0.00676366918846 0.0150292356924
5.53 0.00649482215558 0.0142219946075
5.535 0.00690588913454 0.0141385763774
5.54 0.00663620791936 0.0133133818909
5.545 0.00703902295345 0.0132193422812
5.55 0.00676840134217 0.0123773346262
5.555 0.00716279629971 0.0122737570635
5.56 0.0068911389128 0.0114161101101
5.565 0.00727695740081 0.011304109579
5.57 0.00700418000859 0.0104320279934
5.575 0.00738127768074 0.0103127481635
5.58 0.00710730749023 0.00942746449075
5.585 0.00747555232565 0.00930207477225
5.59 0.00720032823795 0.00840484645037
5.595 0.00755960079015 0.00827453898363
5.6 0.00728307362779 0.00736664529618
5.605 0.00763326724312 0.00723263188432
5.61 0.00735539994663 0.00631537085913
5.615 0.00769642095171 0.00617887985054
5.62 0.00741718874514 0.0052535651125
5.625 0.00774895660283 0.00511583824123
5.63 0.00746834712755 0.00418379582682
5.635 0.0077907945611 0.00404608501888
5.64 0.00750880797774 0.00310865016045
5.645 0.0078218810627 0.00297221431388
5.65 0.00753853012087 0.00203072820172
5.655 0.00784218834472 0.00189682994855
5.66 0.00755749842036 0.000952636478811
5.665 0.00785171470951 0.000822538936952
5.67 0.00756572380973 -0.00012301854641
5.675 0.00785048452405 -0.000248055023105
5.68 0.0075632432595 -0.00119363698434
5.685 0.0078385481542 -0.00131235804983
5.69 0.007550119679 -0.00225663200712
5.695 0.00781598183413 -0.00236779255257
5.7 0.00752644175347 -0.00330943630539
5.705 0.00778288747108 -0.00341180366613
5.71 0.00749232371681 -0.00434950849628
5.715 0.00773939238611 -0.00444186562829
5.72 0.00744790506053 -0.00537433946647
5.725 0.00768564899145 -0.00545548808448
5.73 0.00739335017969 -0.00638145863463
5.735 0.0076218344051 -0.00645022230396
5.74 0.00732884795665 -0.00736844011742
5.745 0.00754815000393 -0.00742366729181
5.75 0.00725461128373 -0.00833290878382
5.755 0.00746482091609 -0.00837347578169
5.76 0.00717087652591 -0.00927254618253
5.765 0.00737209545427 -0.00929736009413
5.77 0.00707790292497 -0.0101850963276
5.775 0.00727024449099 -0.0101930978459
5.78 0.00697597194651 -0.011068371328
5.785 0.00715956077771 -0.0110585374962
5.79 0.00686538657155 -0.0119202568469
5.795 0.00704035820924 -0.0118916037154
5.8 0.0067464705344 -0.0127387173771
5.805 0.00691297103547 -0.0126903025639
5.81 0.00661956750876 -0.0135218013192
5.815 0.00677775302228 -0.0134527264668
5.82 0.00648504024409 -0.0142676458503
5.825 0.00663507656377 -0.014177058973
5.83 0.00634326965436 -0.0149744815708
5.835 0.00648533174806 -0.0148615792867
5.84 0.00619465386149 -0.0156406369172
5.845 0.00632892537889 -0.0155046665591
5.85 0.0060396071959 -0.0162645423307
5.855 0.00616627995559 -0.0161048039312
5.86 0.00587855915659 -0.0168447341709
5.865 0.00599783261388 -0.0166605823158
5.87 0.00571195333343 -0.0173798583646
5.875 0.00582403403023 -0.0171707039103
5.88 0.00554024629433 -0.0178686737805
5.885 0.00564534729243 -0.017633985432
5.89 0.00536390644001 -0.0183100553216
5.895 0.00546224673921 -0.0180493610656
5.9 0.00518341282935 -0.0187029967284
5.905 0.00527521677193 -0.0184158851188
5.91 0.00499925397816 -0.0190466130834
5.915 0.00508475064109 -0.0187327343765
5.92 0.0048119266344 -0.0193401430142
5.925 0.00489134921095 -0.0189992101491
5.93 0.00462193453291 -0.0195829505859
5.935 0.00469551970509 -0.0192147400096
5.94 0.00442978713281 -0.0197745268816
5.945 0.00449777443627 -0.0193788792151
5.95 0.00423599834066 -0.0199144912641
5.955 0.00429862952363 -0.0194913118088
5.96 0.00404108522257 -0.0200025923179
5.965 0.00409860360045 -0.0195518514006
5.97 0.00384556670857 -0.0200387084675
5.975 0.00389821651578 -0.0195604416234
5.98 0.00364996229233 -0.0200228482716
5.985 0.00369798803306 -0.0195171562647
5.99 0.00345479072969 -0.0199551503917
5.995 0.00349843652915 -0.0194221990721
6.0 0.00326056873897 -0.0198358832357
6.005 0.00330007769679 -0.0192759032352
6.01 0.00306780970661 -0.0196654442773
6.015 0.00310342325402 -0.0190787305428
6.02 0.00287702240119 -0.0194443590521
6.025 0.0029089796635 -0.0188312702191
6.03 0.00268870969899 -0.0191732798346
6.035 0.00271724686515 -0.0185342374414
6.04 0.00250336732458 -0.0188529839976
6.045 0.00252871702518 -0.0181884715428
6.05 0.00232148260915 -0.0184843720594
6.055 0.00234387330458 -0.0177949339047
6.06 0.00214353327011 -0.0180684654226
6.065 0.00216318865036 -0.0173547055442
6.07 0.00196998621466 -0.0176064038117
6.075 0.00198712461224 -0.016868984402
6.08 0.00180129637064 -0.0170994424138
6.085 0.0018161301881 -0.0163390823389
6.09 0.00163790554726 -0.0165489487315
6.095 0.00165064070079 -0.0157664218466
6.1 0.00148024132879 -0.0159563991549
6.105 0.00149107670924 -0.0151525324829
6.11 0.00132871600396 -0.0153233752612
6.115 0.00133784295662 -0.0144990470381
6.12 0.00118372553358 -0.0146515598515
6.125 0.00119132735811 -0.0138076974449
6.13 0.00104564855913 -0.0139427327348
6.135 0.00105190003076 -0.0130803104387
6.14 0.000914845454743 -0.013198766269
6.145 0.00091991236807 -0.0123188029825
6.15 0.000791657424918 -0.0124216206714
6.155 0.000795696161356 -0.0115251774652
6.16 0.000676405650266 -0.0116133391086
6.165 0.00067956277027 -0.0107015166872
6.17 0.000569390483394 -0.0107760425798
6.175 0.000571802344472 -0.00984997864388
6.18 0.000470890696955 -0.00991192460533
6.185 0.000472683098419 -0.00897279112251
6.19 0.00038116278573 -0.00902324573395
6.195 0.00038245064108 -0.00807224612356
6.2 0.000300440324494 -0.00811232788246
6.205 0.000301327362255 -0.00715069412207
6.21 0.000228933383274 -0.00718154852212
6.215 0.000229511877034 -0.00621053818273
6.22 0.000166828001446 -0.00623333472611
6.225 0.000167178529773 -0.0052542279435
6.23 0.000114285722011 -0.00527015709308
6.235 0.000114476958842 -0.00428425348278
6.24 7.14431871836e-05 -0.00429452356183
6.245 7.15317232235e-05 -0.00330313908557
6.25 3.84117963279e-05 -0.00330897313278
6.255 3.84419918956e-05 -0.00231343692404
6.26 1.52774270875e-05 -0.0023160695117
6.265 1.52812967787e-05 -0.00131772066849
6.27 2.10022040267e-06 -0.00131839469175
6.275 2.09734986123e-06 -0.000318579044468
6.28 -1.08557004201e-06 -0.000318542489836
6.285 -1.08807503713e-06 0.000681390647639
6.29 5.72833643438e-06 0.000680887946598
6.295 5.72080442884e-06 0.00167958903454
6.3 2.25242267798e-05 0.00167729864611
6.305 2.24937908899e-05 0.00267342117712
6.31 4.9258438551e-05 0.00266809931681
6.315 4.91747840581e-05 0.00366030306637
6.32 8.58614692147e-05 0.00365071383074
6.325 8.56819223655e-05 0.00463766809215
6.33 0.000132238150136 0.00462258667276
6.335 0.000131907789093 0.00560297346831
6.34 0.000188267884819 0.00558118933805
6.345 0.000187719682474 0.00655370659832
6.35 0.000253804950802 0.00652402666189
6.355 0.000252959949092 0.00748739136547
6.36 0.000328678864457 0.00744864306626
6.365 0.000327446379755 0.00840159433184
6.37 0.000412694807776 0.00835262870737
6.375 0.000410972666829 0.00929393083059
6.38 0.000505634116082 0.00923362550891
6.385 0.000503308921918 0.0101620709364
6.39 0.000607254825445 0.0100893330659
6.395 0.000604202252577 0.0110037452988
6.4 0.000717292278433 0.0109175144042
6.405 0.000713377396619 0.0118167508249
6.41 0.000835459786682 0.011716001582
6.415 0.000830537412438 0.0125989561951
6.42 0.000961449348633 0.0124827011176
6.425 0.000955364423615 0.0133483072009
6.43 0.00109493242064 0.0132155992328
6.435 0.00108752041594 0.0140628318888
6.44 0.00123556073953 0.0139127668952
6.445 0.00122664808489 0.0147406454995
6.45 0.00138296719452 0.0145723646497
6.455 0.00137237173139 0.0153799551883
6.46 0.00153676674641 0.0151926472263
6.465 0.00152429820365 0.0159790645164
6.47 0.00169655739157 0.0157719679114
6.475 0.00168201788277 0.0165363777008
6.48 0.00186192116858 0.0163087826741
6.485 0.00184510570951 0.017050403613
6.49 0.00203242520471 0.0168016540342
6.495 0.00201312224985 0.0175197595155
6.5 0.00220762279987 0.0172492546655
6.505 0.00218561479651 0.0179431745282
6.51 0.00238705454515 0.0176503707227
6.515 0.00236211850373 0.0183194928143
6.52 0.00257024947329 0.0180039048847
6.525 0.00254215755258 0.0186476764792
6.53 0.00275672623808 0.0183088791069
6.535 0.00272524634365 0.0189268081746
6.54 0.00294599431983 0.0185644370757
6.545 0.00291089071441 0.0191560934008
6.55 0.00313755525384 0.0187698463575
6.555 0.00309858917798 0.0193348625023
6.56 0.00333090387886 0.0189245002391
6.565 0.00328783418037 0.0194625723515
6.57 0.00352552960238 0.0190279192539
6.575 0.00347811337291 0.0195388077155
6.58 0.00372091767953 0.0190797523889
6.585 0.0036689108968 0.0195632823037
6.59 0.00391655050257 0.0190797779716
6.595 0.00385970867652 0.0195358394929
6.6 0.0041119088975 0.0190279042334
6.605 0.00404998771885 0.0194564527287
6.61 0.00430647342478 0.0189241695481
6.615 0.00423922941433 0.0193252256008
6.62 0.00449972568079 0.0187687423448
6.625 0.00442691683778 0.0191423915936
6.63 0.00469114959673 0.0185619206963
6.635 0.00461253604474 0.0189083135126
6.64 0.00488023273185 0.0183041315831
6.645 0.00479557736057 0.0186234825865
6.65 0.00506646755772 0.0179959298349
6.655 0.00497553665892 0.0182885172488
6.66 0.00524935273021 0.017637996753
6.665 0.00515191662645 0.0179041616014
6.67 0.00542839434622 0.0172311384161
6.675 0.00532422801062 0.0174712835642
6.68 0.00560310718186 0.0167762836746
6.685 0.00549199084736 0.0169908727148
6.69 0.00577301590901 0.0162744818373
6.695 0.00565473566573 0.0164640378243
6.7 0.00593765628725 0.0157269000581
6.705 0.00581200466631 0.0158920040952
6.71 0.00609657632821 0.0151348204267
6.715 0.00596335287058 0.0152761101084
6.72 0.00624933742929 0.0144996367732
6.725 0.00610834923831 0.014617804486
6.73 0.00639551547415 0.0138228511927
6.735 0.00624657775024 0.01391864228
6.74 0.00653470189695 0.0131060702991
6.745 0.00637763845323 0.0131802810946
6.75 0.0066665047079 0.0123510012183
6.755 0.00650114846541 0.0124044769513
6.76 0.00679054947741 0.0115594473295
6.765 0.00661674293871 0.0115930799098
6.77 0.00690648027651 0.0107333037661
6.775 0.00672407597637 0.0107480294518
6.78 0.00701396057103 0.00987455268738
6.785 0.00682282150324 0.00987134964263
6.79 0.00711267406745 0.00898525833191
6.795 0.00691267408656 0.00896514408066
6.8 0.00720232550826 0.0080675618668
6.805 0.00699334970523 0.0080315906485
6.81 0.00728264141474 0.00712367604375
6.815 0.00706458646567 0.00707293607791
6.82 0.00735337077552 0.00615587967655
6.825 0.00712614526243 0.00609149034289
6.83 0.00741428567895 0.00516651195321
6.835 0.00717781038197 0.00508962089457
6.84 0.0074651818879 0.00415796659728
6.845 0.00721939004794 0.0040697467524
6.85 0.00750587935542 0.00313268589267
6.855 0.00725071690687 0.0030343324664
6.86 0.00753622268009 0.00209315458709
6.865 0.00727164845274 0.00198588196553
6.87 0.00755608149974 0.0010418936893
6.875 0.00728206738963 0.000926932307587
6.88 0.00756535082282 -1.85458243546e-05
6.885 0.00728188193139 -0.000139952653688
6.89 0.00756395129628 -0.00108558937835
6.895 0.0072710260376 -0.00121218866864
6.9 0.00755182940959 -0.00215664522551
6.905 0.00724945958535 -0.00228717754269
6.91 0.00752895763417 -0.0032291109174
6.915 0.00721716847617 -0.00336231362225
6.92 0.00749533449794 -0.00430037980168
6.925 0.00717416467816 -0.00443499029939
6.93 0.00745098459495 -0.00536784752989
6.935 0.00712048620286 -0.00550260651884
6.94 0.00739595852976 -0.00642891855967
6.945 0.00705619701726 -0.00656257327131
6.95 0.00733033279705 -0.00748101263493
6.955 0.00698138689091 -0.00761232005665
6.96 0.00725420959648 -0.00852157122799
6.965 0.00689617117863 -0.00864930130087
6.97 0.00716771658347 -0.00954806392741
6.975 0.00680069053936 -0.00967100271091
6.98 0.00707100655636 -0.0105579947556
6.985 0.0066951105918 -0.0106749475512
6.99 0.00696425708085 -0.0115489084007
6.995 0.00657962150779 -0.0116587028268
7.0 0.00684767005258 -0.0125183963461
7.005 0.00645443754433 -0.0126198853565
7.01 0.00672147119902 -0.0134641028844
7.015 0.00631979651549 -0.0135561677222
7.02 0.0065859095218 -0.0143837309982
7.025 0.00617595920551 -0.0144652840789
7.03 0.00644125668101 -0.0152750480949
7.035 0.00602320872456 -0.0153450358106
7.04 0.0062878063229 -0.0161358915805
7.045 0.00586184980875 -0.0161932970179
7.05 0.00612587335272 -0.016964174258
7.055 0.00569220806617 -0.017008019825
7.06 0.00595579315447 -0.0177578895388
7.065 0.00551462917079 -0.0177872394907
7.07 0.00577792075957 -0.0185151164507
7.075 0.00532947800628 -0.0185290793122
7.08 0.00559262996644 -0.0192340244338
7.085 0.00513713776194 -0.0192317553089
7.09 0.00540031241336 -0.0199128779094
7.095 0.00493800898285 -0.0198935806739
7.1 0.00520137660662 -0.0205500406122
7.105 0.00473250857672 -0.020512969984
7.11 0.00499624690678 -0.0211439796735
7.115 0.00452106877999 -0.0210884431551
7.12 0.00478536247523 -0.0216932694475
7.125 0.00430413608551 -0.0216186291347
7.13 0.00456917618388 -0.0221965950681
7.135 0.00408217013483 -0.0221022693225
7.14 0.00434815349065 -0.0226527557297
7.145 0.00385564257754 -0.0225382207094
7.15 0.00412277128356 -0.0230606676835
7.155 0.0036250359007 -0.0229254587281
7.16 0.00389351669628 -0.0234193669396
7.165 0.00339084223131 -0.0232630798069
7.17 0.00366088589821 -0.0237280116719
7.175 0.00315356211459 -0.0235503036226
7.18 0.00342538286198 -0.0239858843165
7.185 0.00291370327142 -0.0237864750438
7.19 0.00318751811154 -0.0241923933595
7.195 0.00267177933783 -0.0239710657627
7.2 0.00294780745392 -0.0243470748107
7.205 0.00242830858972 -0.0241036756089
7.21 0.00270677069783 -0.0244495933579
7.215 0.00218381265614 -0.0241840335441
7.22 0.00246493036239 -0.0244997431998
7.225 0.00193881522414 -0.024211998333
7.23 0.00222281037906 -0.0244974485555
7.235 0.00169384073859 -0.0241875588906
7.24 0.00198093479015 -0.0244427638491
7.245 0.0014494131001 -0.0241108343041
7.25 0.00173982644711 -0.0243358735684
7.255 0.00120605436441 -0.0239820735293
7.26 0.00150000571182 -0.0241770917993
7.265 0.000964283446421 -0.0238016547627
7.27 0.00126198916419 -0.0239668614362
7.275 0.000724614832059 -0.0235700844905
7.28 0.00102628831929 -0.02370575307
7.285 0.000487557301358 -0.0232879962174
7.29 0.000793408357111 -0.0233944635577
7.295 0.000253612665781 -0.0229561488772
7.3 0.000563846868339 -0.0230338142759
7.305 2.32745230223e-05 -0.0225754249308
7.31 0.000338092619031 -0.0226247490639
7.315 -0.000202972967616 -0.0221468281551
7.32 0.000116624337481 -0.0221683318598
7.325 -0.000424656286214 -0.0216714811288
7.33 -0.000100090473807 -0.0216657440376
7.335 -0.00064131372659 -0.0211506224218
7.34 -0.000311596698025 -0.0211182814498
7.345 -0.000852496541088 -0.0205856034936
7.35 -0.000517452732961 -0.0205273511849
7.355 -0.00105777005294 -0.019977885311
7.36 -0.000717231586071 -0.0198944680461
7.365 -0.0012567147334 -0.0193290346914
7.37 -0.000910521932985 -0.0192212507617
7.375 -0.00144892724101 -0.0186407203817
7.38 -0.0010969291368 -0.0185094179351
7.385 -0.00163402142036 -0.0179147088827
7.39 -0.00127607622563 -0.0177607837458
7.395 -0.00181162925782 -0.0171528600289
7.4 -0.00144760482592 -0.0169772534111
7.405 -0.00198140179193 -0.0163571223357
7.41 -0.00161117604928 -0.0161608184212
7.415 -0.00214300997615 -0.0155295281244
7.42 -0.00176647133052 -0.0153135515574
7.425 -0.00229614549172 -0.0146721884383
7.43 -0.0019131932149 -0.0144376017086
7.435 -0.00244052150881 -0.0137872877617
7.44 -0.00205106609252 -0.0135351884969
7.445 -0.00257587339378 -0.012877078556
7.45 -0.00217983687808 -0.0126085967267
7.455 -0.00270195936104 -0.0119438756254
7.46 -0.00229927563433 -0.0116601706707
7.465 -0.00281856106775 -0.010990050327
7.47 -0.0024091761376 -0.0106923082079
7.475 -0.00292548414983 -0.01001802464
7.48 -0.002509356384 -0.00970745482757
7.485 -0.0030225586981 -0.00903026510816
7.49 -0.00259965903508 -0.00870809751354
7.495 -0.00310963967324 -0.00802927667106
7.5 -0.00267995180179 -0.00769675852611
7.505 -0.0031866072585 -0.00701759639927
7.51 -0.00275012776579 -0.00667598909501
7.515 -0.00325336714945 -0.00599778714967
7.52 -0.00281010563728 -0.00564836304034
7.525 -0.00330985077985 -0.00497243115614
7.53 -0.00285982994885 -0.00461647033716
7.535 -0.00335601548323 -0.00394412357204
7.54 -0.00289927118457 -0.00358291063974
7.545 -0.00339184458962 -0.00291546598044
7.55 -0.00292842584437 -0.00255028678174
7.555 -0.00341734745744 -0.00188905988837
7.56 -0.00294731644325 -0.00152119826857
7.565 -0.00343255944013 -0.000867500221423
7.57 -0.00295599144547 -0.000498234778117
7.575 -0.00343754178791 0.000146631165174
7.58 -0.00295452513382 0.000516030313835
7.585 -0.00343238148477 0.00115077194269
7.59 -0.00294301741439 0.00151904636734
7.595 -0.0034171910211 0.00214238571613
7.6 -0.00292159355723 0.00250829185509
7.605 -0.00339210810255 0.00311896836652
7.61 -0.00289040387356 0.00348128066639
7.615 -0.00335729529588 0.00407805431248
7.62 -0.00284962333044 0.00443556832246
7.625 -0.00331293961266 0.00501722267534
7.63 -0.00279945110368 0.00536875808759
7.635 -0.00325925203178 0.00593410333243
7.64 -0.00274011007036 0.00627850696091
7.645 -0.00319646696217 0.00682638284343
7.65 -0.00267184624193 0.00716253153369
7.655 -0.00312484164683 0.00769181023493
7.66 -0.00259492813958 0.00801861369764
7.665 -0.00304465550986 0.00852820262873
7.67 -0.00250964611329 0.00884460618984
7.675 -0.00295620944796 0.00933345069993
7.68 -0.00241631160629 0.00963843796056
7.685 -0.00285982506835 0.010105523951
7.69 -0.00231525636678 0.0103981193504
7.695 -0.00275584387485 0.0108424757886
7.7 -0.00220683160889 0.0111217470642
7.705 -0.00264462640421 0.0115424483912
7.71 -0.00209140712498 0.0118075089282
7.715 -0.00252655131493 0.0122036773536
7.72 -0.00196937035145 0.0124536884204
7.725 -0.00240201443072 0.0128244960989
7.73 -0.00184112539046 0.0130586689611
7.735 -0.00227142774111 0.0134033400456
7.74 -0.00170709199 0.0136209379536
7.745 -0.00213521836157 0.013938750519
7.75 -0.00156770448481 0.0141390905648
7.755 -0.00199382745593 0.0144293783991
7.76 -0.00142341070082 0.0146118332368
7.765 -0.00184770912356 0.0148739874929
7.77 -0.00127467082589 0.0150379869198
7.775 -0.00169732925436 0.015271457626
7.78 -0.00112195624963 0.0154164900189
7.785 -0.00154316435417 0.0156207874429
7.79 -0.000965748375203 0.0157464010472
7.795 -0.0013857003437 0.0159210969108
7.8 -0.000806537406095 0.0160269009785
7.805 -0.00122543133392 0.0161716295199
7.81 -0.000644821110895 0.0162572952942
7.815 -0.00106285838097 0.016371754175
7.82 -0.000481103569145 0.016437015718
7.825 -0.000898488223794 0.0165209667731
7.83 -0.000315893901414 0.016565621636
7.835 -0.000732832007433 0.0166188914643
7.84 -0.000149704986771 0.0166428011973
7.845 -0.00056640399546 0.0166652815908
7.85 1.69478291372e-05 0.0166683720918
7.855 -0.000399720274543 0.0166600203044
7.86 0.000183548032181 0.0166422820055
7.865 -0.000233297454487 0.016603120858
7.87 0.000349579240762 0.01656460875
7.875 -6.76513669875e-05 0.0164947265729
7.88 0.000514526506491 0.0164355600663
7.885 9.67042336758e-05 0.0163351104802
7.89 0.000677877611294 0.0162554731048
7.895 0.000259258964724 0.0161246746383
7.9 0.000839124357677 0.0160248135807
7.905 0.000419507100531 0.0158639491275
7.91 0.000997763848952 0.0157441746086
7.915 0.000576948846618 0.0155535907248
7.92 0.0011532997562 0.0154142752182
7.925 0.0007310915988 0.0151943812619
7.93 0.00130524356882 0.0150359585557
7.935 0.000881451184357 0.0147872256699
7.94 0.00145311582552 0.0146101897739
7.945 0.0010275530821 0.0143331497174
7.95 0.00159644732269 0.0141380536184
7.955 0.00116893361828 0.0138332974453
7.96 0.00173478029714 0.0136207517141
7.965 0.00130514113542 0.0132889283065
7.97 0.00186766958021 0.0130595995595
7.975 0.00143573713102 0.0127014140173
7.98 0.00199468372038 0.0124560232364
7.985 0.00156029736338 0.0120722351268
7.99 0.00211540607165 0.0118115558431
7.995 0.00167841292181 0.0114029773162
8.0 0.00222943584481 0.0111278336602
8.005 0.00178969125841 0.0106953274332
8.01 0.00233638911914 0.0104065920576
8.015 0.00189375717899 0.0099510692748
8.02 0.00243589981189 0.00964966115521
8.025 0.00199025379054 0.00917207912719
8.03 0.00252762060316 0.00885896124512
8.035 0.00207884340299 0.00836032107429
8.04 0.00261122381391 0.00803649798939
8.045 0.00215920838289 0.00751784208693
8.05 0.00268640223478 0.0071843574039
8.055 0.00223105195693 0.00664676690469
8.06 0.00275286990382 0.00630470064139
8.065 0.00229409896334 0.00574929272323
8.07 0.00281036283105 0.00539975858657
8.075 0.0023480965492 0.00482768370046
8.08 0.00285863966806 0.00447182627686
8.085 0.00239281481197 0.00388426529525
8.09 0.00289748232101 0.00352325716269
8.095 0.0024280473836 0.00292141845279
8.1 0.00292669650554 0.00255645722166
8.105 0.00245361195582 0.00194157365121
8.11 0.00294611224205 0.00157387894138
8.115 0.00246935074523 0.000947204824209
8.12 0.00295558429029 0.000578015185909
8.125 0.00247513089709 -5.91768248862e-05
8.13 0.00295499252205 -0.000428607038763
8.135 0.0024708448267 -0.00107502910245
8.14 0.00294424223102 -0.00144343290472
8.145 0.00245641049765 -0.00209778518137
8.15 0.00292326437921 -0.00246388615172
8.155 0.00243177163614 -0.00312486001952
8.16 0.00289201577901 -0.00348737553047
8.165 0.00239689788083 -0.00415365682392
8.17 0.00285047921077 -0.00451130128344
8.175 0.002351784868 -0.0051815735443
8.18 0.00279866347533 -0.00553306164711
8.185 0.00229645425153 -0.00620600937988
8.19 0.00273660338153 -0.00655005935918
8.195 0.00223095365794 -0.00722437128326
8.2 0.0026643596687 -0.00755970815477
8.205 0.00215535657639 -0.00823408044484
8.21 0.00258201886425 -0.00855943923516
8.215 0.00206976218404 -0.00923257874189
8.22 0.00248969307683 -0.00954670769292
8.225 0.00197429510711 -0.0102173351359
8.23 0.00238751972547 -0.0105189988775
8.235 0.00186910511833 -0.0111858520025
8.24 0.00227566120545 -0.0114738346852
8.245 0.00175436677148 -0.0121356713778
8.25 0.00215430449167 -0.0124087797581
8.255 0.0016302789739 -0.0130643811055
8.26 0.00202366068061 -0.0133214475757
8.265 0.00149706449814 -0.0139696208702
8.27 0.00188396447191 -0.0142095064254
8.275 0.00135496943389 -0.0148490881009
8.28 0.0017354735909 -0.0150706852352
8.285 0.00120426258154 -0.0157005437297
8.29 0.00157846815361 -0.0159027792557
8.295 0.00104523478898 -0.0165218177929
8.3 0.00141324997568 -0.0167036555759
8.305 0.00087819823322 -0.0173108148588
8.31 0.00124014182709 -0.0174712584596
8.315 0.000703485648624 -0.0180655192696
8.32 0.00105948663439 -0.0182036144892
8.325 0.000521449503732 -0.0187840001836
8.33 0.000871646632557 -0.0188988375037
8.335 0.000332461128694 -0.0194644164058
8.34 0.0006770024685 -0.0195551333187
8.345 0.000136909795507 -0.0201050209947
8.35 0.000475952258552 -0.0201708042165
8.355 -6.4798246658e-05 -0.0207041656335
8.36 0.000268910602217 -0.0207442531955
8.365 -0.000272240778613 -0.0212603047541
8.37 5.63075546766e-05 -0.0212739879673
8.375 -0.000484980658286 -0.0217719994057
8.38 -0.000161412439381 -0.0217586246929
8.385 -0.000702566905216 -0.0222379208561
8.39 -0.000383791647942 -0.0221968914475
8.395 -0.000924535819691 -0.0226568539178
8.4 -0.00061036018712 -0.0225876314057
8.405 -0.00115041213375 -0.0230276999904
8.41 -0.000840637187025 -0.0229298057388
8.415 -0.00137971019114 -0.0233494798118
8.42 -0.00107413198514 -0.0232224962181
8.425 -0.00161193515332 -0.0236213359108
8.43 -0.00131034534425 -0.0234649075162
8.435 -0.00184658422848 -0.0238425347562
8.44 -0.00154877069181 -0.0236563692006
8.445 -0.00208314792048 -0.0240124685951
8.45 -0.00178889537776 -0.023796337417
8.455 -0.00232111129465 -0.0241306569777
8.46 -0.00203020194754 -0.0238843962542
8.465 -0.0025599552572 -0.0241967479638
8.47 -0.00227216942718 -0.0239202587907
8.475 -0.0027991578451 -0.024210519008
8.48 -0.00251427461726 -0.0239037678188
8.485 -0.00303819552329 -0.0241718775217
8.49 -0.00275599339248 -0.0238348962435
8.495 -0.00327654448573 -0.0240808611106
8.5 -0.00299680200358 -0.023713747158
8.505 -0.00351368195731 -0.0239376374859
8.51 -0.00323617837844 -0.0235405535921
8.515 -0.00374908749323 -0.0237425040518
8.52 -0.00347360341896 -0.0233156779371
8.525 -0.0039822442726 -0.023495887168
8.53 -0.00370856229064 -0.0230396110472
8.535 -0.00421264038307 -0.0231983410898
8.54 -0.00394054570154 -0.0227129710193
8.545 -0.00443977009326 -0.0228505465895
8.55 -0.00416905116743 -0.0223365016554
8.555 -0.00466313510982 -0.0224533092604
8.56 -0.00439358426004 -0.0219110706111
8.565 -0.00488224581593 -0.0220075575104
8.57 -0.00461365983514 -0.0214376672335
8.575 -0.00509662248826 -0.0215143402472
8.58 -0.00482880323761 -0.0209174000965
8.585 -0.00530579648923 -0.0209748242634
8.59 -0.00503855148025 -0.0203514942368
8.595 -0.0055093114316 -0.0203902913267
8.6 -0.00524245439351 -0.0197412880997
8.605 -0.00570672431259 -0.0197621349827
8.61 -0.00544007574334 -0.0190882302012
8.615 -0.00589760661461 -0.0190918570785
8.62 -0.00563099431413 -0.0183938755153
8.625 -0.00608154536976 -0.0183810640159
8.63 -0.00581480495428 -0.0176598815947
8.635 -0.00625814418571 -0.0176314627426
8.64 -0.00599111958171 -0.0168880044362
8.645 -0.00642702423007 -0.0168448564932
8.65 -0.00615956814664 -0.0160800940985
8.655 -0.00658782517105 -0.0160231402887
8.66 -0.00631979954953 -0.0152380900869
8.665 -0.00674020607192 -0.0151682962073
8.67 -0.0064714825116 -0.014364016513
8.675 -0.00688384623705 -0.0142823884371
8.68 -0.00661430639597 -0.0134599770436
8.685 -0.00701844600749 -0.0133675581245
8.69 -0.00674798197722 -0.0125281496507
8.695 -0.00714372750399 -0.0124260180289
8.7 -0.00687224215751 -0.011570781176
8.705 -0.00725943531575 -0.0114600470002
8.71 -0.00698684262751 -0.0105901817231
8.715 -0.00736533713298 -0.0104719842897
8.72 -0.00709156247041 -0.00958871889161
8.725 -0.0074612243219 -0.0094642237111
8.73 -0.00718620470752 -0.00856881186809
8.735 -0.00754691244058 -0.00843920766458
8.74 -0.00727059678416 -0.00753292538736
8.745 -0.00762224169445 -0.00739942103983
8.75 -0.00734459099456 -0.00648356358061
8.755 -0.00768707733026 -0.00634738501283
8.76 -0.00740806484469 -0.00542326372487
8.765 -0.00774130996751 -0.00528565075198
8.77 -0.00746092135221 -0.0043545899097
8.775 -0.00778485586661 -0.00421679304942
8.78 -0.0075030892827 -0.00328012663696
8.785 -0.00781765713298 -0.00314340389327
8.79 -0.00753452332164 -0.00220247236956
8.795 -0.00783968185667 -0.00206808599701
8.8 -0.00755520418161 -0.00112423304539
8.805 -0.00785092418713 -0.000993446302104
8.81 -0.00756513864463 -4.80155726781e-05
8.815 -0.00785140434285 7.79105299207e-05
8.82 -0.00756435953933 0.00102357867716
8.825 -0.00784116855608 0.00114338861958
8.83 -0.00755292565313 0.00208796036264
8.835 -0.00782028895245 0.00220040734955
8.84 -0.00753092157964 0.00314255863533
8.845 -0.0077888633661 0.00324640780664
8.85 -0.00749845750157 0.00418482755661
8.855 -0.00774701509054 0.00427885916935
8.86 -0.00745566890988 0.0052122524522
8.865 -0.00769489256601 0.00529526502525
8.87 -0.00740271625962 0.00622235618845
8.875 -0.00763266900413 0.00629316960227
8.88 -0.0073397845636 0.00721270535477
8.885 -0.00756054195058 0.00727016389835
8.89 -0.00726708292462 0.00818091633676
8.895 -0.00747873278721 0.00822389169417
8.9 -0.00718484400768 0.00912466126479
8.905 -0.00738748617457 0.00915205543387
8.91 -0.00709332345334 0.0100416738232
8.915 -0.00728706943633 0.0100524219591
8.92 -0.00699279923375 0.0109297549059
8.925 -0.00717777188727 0.010922828082
8.93 -0.00688357095293 0.0117867781031
8.935 -0.00705990410624 0.0117611859835
8.94 -0.00676595909309 0.0126106950075
8.945 -0.00693379715617 0.0125654884229
8.95 -0.00664030420886 0.0133995403248
8.955 -0.00679980175292 0.0133338137459
8.96 -0.0065069660714 0.0141514367759
8.965 -0.00665828738516 0.0140643306792
8.97 -0.00636632276461 0.0148645997806
8.975 -0.00650964138735 0.0147553028987
8.98 -0.00621876973563 0.0155373419078
8.985 -0.00635426796828 0.0154050933604
8.99 -0.00606471880202 0.0161680770843
8.995 -0.00619258719743 0.0160121683832
9.0 -0.00590459711819 0.0167553245493
9.005 -0.00602503395194 0.0165751014732
9.01 -0.00573884610346 0.0172977125461
9.015 -0.00585205682648 0.0170925768804
9.02 -0.00556792033465 0.0177939817413
9.025 -0.00567411700907 0.0175633928778
9.03 -0.00539228640588 0.0182429883624
9.035 -0.00549168712544 0.0179864647565
9.04 -0.00521242175831 0.0186437070477
9.045 -0.00530525005497 0.0183608275272
9.05 -0.00502881348304 0.0189952333988
9.055 -0.00511529772098 0.0186856383232
9.06 -0.00484195709981 0.019296786232
9.065 -0.00492232985866 0.018960178498
9.07 -0.00465235531483 0.0195477095206
9.075 -0.00472685276345 0.019183855412
9.08 -0.00446051676071 0.0197474740254
9.085 -0.0045293780232 0.0193562039043
9.09 -0.00426695472166 0.0198956786074
9.095 -0.00433042123712 0.0194768874466
9.1 -0.0040721858472 0.0199920512207
9.105 -0.00413050072492 0.0195456989743
9.11 -0.00387672885745 0.0200364495826
9.115 -0.00393013622909 0.0195625613949
9.12 -0.0036811032435 0.0200288615196
9.125 -0.0037298476139 0.0195275277713
9.13 -0.00348582796579 0.019969404988
9.135 -0.00353015356402 0.0194407811793
9.14 -0.003291420154 0.0198583277686
9.145 -0.00333157028633 0.019302634241
9.15 -0.00309839381159 0.0196960068383
9.155 -0.00313461021795 0.0191135283333
9.16 -0.00290725852825 0.0194829474172
9.165 -0.00293978074377 0.0188740324755
9.17 -0.0027185182035 0.0192197816964
9.175 -0.00274758292681 0.0185848418971
9.18 -0.00253266978453 0.0189072672477
9.185 -0.00255851025433 0.0182467762907
9.19 -0.00235020202162 0.0185462851198
9.195 -0.00237304740314 0.0178607777534
9.2 -0.00217159424409 0.0181378376267
9.205 -0.00219166902687 0.0174279084221
9.21 -0.00199731515987 0.0176830458319
9.215 -0.00201483856855 0.0169493478094
9.22 -0.00182782168177 0.0171831467368
9.225 -0.00184300710118 0.0164263898455
9.23 -0.00166355778332 0.0166394901784
9.235 -0.0016766121994 0.0158604396341
9.24 -0.00150495338698 0.0160535354456
9.245 -0.00151607684494 0.0152530099307
9.25 -0.00135242328767 0.0154268476214
9.255 -0.00136180836873 0.0146057173519
9.26 -0.00120636611415 0.0147610936615
9.265 -0.00121419743211 0.0139202783243
9.27 -0.00106716333091 0.0140580382171
9.275 -0.00107361704994 0.0131985047851
9.28 -0.000935178283057 0.0133195392146
9.285 -0.000940421657797 0.0124422996427
9.29 -0.00081075528663 0.0125475432013
9.295 -0.000814946225784 0.0116536520113
9.3 -0.000694218766517 0.0117440804703
9.305 -0.000697505421081 0.0108346322283
9.31 -0.000585872444234 0.0109112599755
9.315 -0.000588392821325 0.00998738667053
9.32 -0.000485998577528 0.0100512640504
9.325 -0.000487880180821 0.00911413237877
9.33 -0.000394857253741 0.00916634294317
9.335 -0.000396216751389 0.0082171515068
9.34 -0.000312685738673 0.00825880918222
9.345 -0.000313628659567 0.0072987856071
9.35 -0.000239697882602 0.00733103178602
9.355 -0.000240318341707 0.00636142976821
9.36 -0.00017608358492 0.00638543033169
9.365 -0.00017646403839 0.00540752661834
9.37 -0.000122008318736 0.00542446889725
9.375 -0.000122219349418 0.00443956021006
9.38 -7.76127166356e-05 0.00445064989263
9.385 -7.77128504913e-05 0.00346004980148
9.39 -4.30122186208e-05 0.00346650779494
9.395 -4.30477725419e-05 0.00247154354947
9.4 -1.8296783126e-05 0.00247460280351
9.405 -1.83017445068e-05 0.00147661213056
9.41 -3.53066182039e-06 0.00147751443073
9.415 -3.52660019952e-06 0.000477842305615
9.42 1.24776123576e-06 0.000477835044521
9.425 1.25175024569e-06 -0.00052216955573
9.43 -3.97393432153e-06 -0.000521836621175
9.435 -3.96661596606e-06 -0.00152082397461
9.44 -1.91821740677e-05 -0.00151890197194
9.445 -1.91556356854e-05 -0.00251552487031
9.45 -4.43374227708e-05 -0.00251076905797
9.455 -4.42633262651e-05 -0.00350368605906
9.46 -7.93742833614e-05 -0.00349485906261
9.465 -7.92119168912e-05 -0.00448273772821
9.47 -0.000124201660644 -0.004468612758
9.475 -0.000123898044471 -0.00545013286934
9.48 -0.000178702989337 -0.00542949691178
9.485 -0.000178193013589 -0.00640335365451
9.49 -0.000242736525882 -0.00637501062874
9.495 -0.000241943119876 -0.00733991773947
9.5 -0.000316135703277 -0.00730269161177
9.505 -0.000314970035994 -0.00825738447821
9.51 -0.000398709548059 -0.00821012232612
9.515 -0.000397071259255 -0.00915336103331
9.52 -0.000490243158392 -0.00909493605193
9.525 -0.000488020619775 -0.0100255083667
9.53 -0.000590498242059 -0.00995482280965
9.535 -0.000587568847871 -0.0108715470961
9.54 -0.00069921371302 -0.0107875351436
9.545 -0.000695444199307 -0.011689263202
9.55 -0.00081610634504 -0.0115908937493
9.555 -0.0008113531368 -0.0124765135719
9.56 -0.000940871480759 -0.0123627929304
9.565 -0.000934981066103 -0.0132312313666
9.57 -0.00107318379443 -0.0131012058715
9.575 -0.00106599312482 -0.0139514311961
9.58 -0.00121269810639 -0.0138041897141
9.585 -0.00120403502196 -0.0146352140922
9.59 -0.00135905024731 -0.0144698904223
9.595 -0.00134873392618 -0.0152807722646
9.6 -0.00151185796995 -0.0150965474266
9.605 -0.00149969940045 -0.0158863936295
9.61 -0.00167072190625 -0.0156824980342
9.615 -0.00165652438079 -0.0164504660987
9.62 -0.00183522656724 -0.0162261815944
9.625 -0.00181878619673 -0.0169714816185
9.63 -0.00200494138342 -0.0167261434092
9.635 -0.00198604763083 -0.0174480399496
9.64 -0.00217942178292 -0.0171810383786
9.645 -0.00215785801461 -0.0178788521762
9.65 -0.00235821030468 -0.0175896343725
9.655 -0.00233375435834 -0.0182627439373
9.66 -0.00254083774405 -0.0179508153196
9.665 -0.00251326251153 -0.0185986583724
9.67 -0.00272682432778 -0.0182635840068
9.675 -0.0026958983516 -0.0188856587721
9.68 -0.0029156809155 -0.0185270645808
9.685 -0.00288116899741 -0.0191229309297
9.69 -0.0031069102248 -0.0187405047472
9.695 -0.00306857404488 -0.0193097851855
9.7 -0.00330000807665 -0.0189032776595
9.705 -0.00325760682147 -0.0194456581605
9.71 -0.00349446465825 -0.0190148834959
9.715 -0.00344775565643 -0.0195301141742
9.72 -0.0036897658 -0.0190749507176
9.725 -0.00363850516361 -0.0195628463431
9.73 -0.00388539426343 -0.0190832370064
9.735 -0.00382933753367 -0.0195436773574
9.74 -0.004080831037 -0.0190396298803
9.745 -0.00401973383248 -0.0194725599334
9.75 -0.00427555663634 -0.0189441469832
9.755 -0.00420917530231 -0.0193495769418
9.76 -0.00446905240575 -0.01879693605
9.765 -0.00439714466281 -0.0191749412094
9.77 -0.00466080181785 -0.0185982745469
9.775 -0.00458312740828 -0.0189489949969
9.78 -0.00485029176782 -0.0183485689861
9.785 -0.00476661309814 -0.0186722091531
9.79 -0.00503701385935 -0.0180483539196
9.795 -0.00494709663733 -0.0183451819467
9.8 -0.00522046567881 -0.0176982906113
9.805 -0.00512407954345 -0.0179686375809
9.81 -0.00540015205462 -0.0172991653934
9.815 -0.00529707119738 -0.0175434243923
9.82 -0.00557558629854 -0.0168518877101
9.825 -0.00546559007448 -0.0170705127398
9.83 -0.00574629142594 -0.0163574878528
9.835 -0.00562916495301 -0.0165509925884
9.84 -0.00591180135183 -0.0158171143936
9.845 -0.00578733609695 -0.0159860707943
9.85 -0.00607166205977 -0.0152320313237
9.855 -0.00593965641018 -0.0153770680969
9.86 -0.00622543274074 -0.0146036149024
9.865 -0.00608569255921 -0.0147254158277
9.87 -0.00637268689902 -0.0139333502257
9.875 -0.00622502606146 -0.0140326523407
9.88 -0.00651301342242 -0.013222827523
9.885 -0.00635725433669 -0.0133004191774
9.89 -0.0066460176142 -0.0124737381908
9.895 -0.0064819917186 -0.012530456972
9.9 -0.00677132218392 -0.0116878705737
9.905 -0.00659887042434 -0.01172460111
9.91 -0.00688856819502 -0.0108671055025
9.915 -0.00670754147936 -0.0108847771497
9.92 -0.00699741596651 -0.0100134116019
9.925 -0.00680767559538 -0.0100129960179
9.93 -0.00709754592669 -0.00912884037782
9.935 -0.00689896399916 -0.00911134899264
9.94 -0.00718865941662 -0.0082155210983
9.945 -0.00698111921014 -0.0081820024848
9.95 -0.00727047944147 -0.00727565547933
9.955 -0.00705387576494 -0.00722719263194
9.96 -0.00734275136779 -0.00631151218998
9.965 -0.00711699088684 -0.00624921971781
9.97 -0.00740524356496 -0.0053254211899
9.975 -0.00717024509874 -0.00525044243148
9.98 -0.00745774798928 -0.00431976791369
9.985 -0.00721344277787 -0.0042332719804
9.99 -0.00750008070908 -0.00329698731648
