$SPEC_ID:
No sample description was entered.
$SPEC_REM:
DET# 1
DETDESC# MODERNPHYSICSGX MCB 1
AP# Maestro Version 6.08
$DATE_MEA:
09/29/2010 11:27:03
$MEAS_TIM:
178 180
$DATA:
0 1023
       0
       0
       0
       0
       0
       0
       0
       0
       0
       0
       0
       0
       0
       0
       0
       0
       0
       0
       0
       0
       0
       0
       0
       0
       0
       0
       0
       0
       0
       0
       0
       0
       0
       0
       0
       0
       0
       0
       0
       0
       0
       0
       0
       0
     407
     739
     681
     684
     633
     662
     651
     687
     655
     612
     648
     639
     671
     628
     636
     603
     583
     593
     576
     526
     491
     516
     499
     491
     523
     503
     471
     464
     482
     436
     438
     454
     408
     411
     429
     412
     404
     436
     446
     447
     388
     389
     397
     353
     362
     367
     359
     339
     389
     335
     338
     337
     327
     325
     325
     314
     277
     344
     351
     300
     321
     323
     317
     318
     291
     287
     295
     309
     301
     311
     307
     297
     326
     295
     343
     308
     301
     307
     310
     338
     310
     301
     280
     300
     304
     329
     331
     306
     295
     315
     323
     343
     343
     312
     341
     368
     324
     282
     342
     355
     327
     300
     321
     335
     324
     317
     296
     306
     286
     280
     275
     293
     274
     300
     301
     276
     297
     289
     264
     278
     310
     286
     302
     293
     329
     313
     313
     312
     309
     318
     316
     289
     333
     346
     323
     343
     350
     324
     329
     375
     335
     357
     360
     309
     347
     358
     339
     353
     339
     351
     336
     340
     346
     313
     301
     303
     293
     273
     282
     268
     244
     253
     243
     244
     223
     221
     226
     223
     275
     233
     239
     204
     215
     230
     243
     192
     220
     205
     192
     208
     200
     183
     186
     206
     193
     197
     224
     235
     248
     311
     322
     352
     388
     461
     499
     597
     593
     640
     644
     682
     722
     647
     621
     630
     576
     466
     436
     398
     338
     310
     205
     197
     152
     156
     116
     121
     141
     130
     143
     173
     215
     237
     285
     334
     327
     423
     428
     467
     514
     529
     502
     516
     543
     519
     494
     447
     405
     374
     322
     250
     221
     173
     153
     126
      75
      68
      52
      50
      55
      35
      33
      29
      24
      18
      30
      32
      18
      21
      20
      21
      28
      23
      24
      26
      23
      27
      22
      30
      24
      13
      22
      28
      20
      21
      27
      20
      18
      23
      12
      18
      17
      21
      22
      18
      21
      16
      25
      21
      22
      26
      25
      19
      16
      26
      15
      17
      28
      13
      17
      15
      17
      29
      19
      16
      15
      18
      20
      15
      22
      19
      25
      22
      19
      13
      17
      17
      18
      13
      19
      15
       8
      19
      21
      12
      20
      16
      13
      19
      14
      15
      18
      14
      19
      12
      10
      13
      25
      18
      15
      16
      22
      13
       9
      20
      18
      13
      21
      15
      15
      15
      13
      15
      13
      13
      16
      15
       6
      15
      14
      11
      12
      19
      11
      10
      11
      16
      12
       7
      16
       8
      14
      13
       6
      10
      11
      13
      13
      13
      14
       9
      15
      13
      15
      10
       9
      18
      14
       6
      11
      14
      12
       8
       9
      16
      13
      10
      11
       9
      14
      17
      18
      17
      11
      16
      12
       7
      12
      15
      13
      16
      14
       7
      12
      15
       9
      16
       9
       8
       8
      12
      12
       8
       3
       9
       8
       1
       6
       8
       7
       5
       3
       3
       2
       3
       5
       0
       1
       2
       4
       2
       3
       5
       1
       2
       4
       0
       3
       6
       7
       6
       5
       8
       6
       9
       4
       8
      17
      10
      13
      13
      15
      10
      15
      12
      13
      16
      22
      17
      13
      13
       8
      16
       8
       8
       6
       8
       4
       9
       3
       3
       4
       6
       3
       2
       1
       2
       2
       1
       2
       0
       0
       1
       0
       0
       0
       0
       0
       0
       0
       1
       0
       0
       0
       0
       0
       0
       0
       0
       0
       0
       0
       0
       0
       0
       0
       0
       0
       0
       0
       0
       0
       0
       0
       0
       0
       0
       0
       1
       0
       0
       0
       0
       0
       0
       0
       0
       0
       0
       0
       0
       0
       0
       0
       0
       0
       0
       0
       0
       0
       1
       0
       0
       0
       0
       0
       0
       1
       0
       0
       0
       0
       0
       0
       0
       0
       0
       1
       0
       0
       0
       0
       0
       0
       0
       0
       0
       0
       0
       0
       0
       0
       0
       0
       0
       0
       0
       0
       0
       0
       0
       0
       0
       0
       0
       0
       0
       0
       0
       0
       0
       0
       0
       0
       0
       0
       0
       0
       0
       0
       0
       0
       0
       0
       0
       0
       0
       0
       0
       0
       0
       0
       0
       0
       1
       0
       0
       0
       0
       0
       0
       0
       0
       0
       0
       0
       0
       0
       0
       0
       0
       0
       0
       0
       0
       0
       1
       0
       0
       1
       0
       0
       1
       0
       0
       0
       0
       0
       0
       0
       0
       0
       0
       0
       1
       0
       0
       0
       0
       0
       0
       0
       0
       0
       0
       0
       0
       0
       0
       0
       0
       0
       0
       0
       0
       0
       0
       0
       0
       0
       0
       0
       0
       0
       0
       0
       0
       0
       0
       0
       0
       1
       0
       0
       0
       0
       0
       0
       0
       0
       0
       0
       0
       0
       0
       0
       0
       0
       0
       0
       0
       0
       0
       0
       0
       1
       0
       0
       0
       0
       0
       0
       0
       0
       0
       0
       0
       0
       0
       0
       0
       0
       0
       0
       0
       0
       0
       0
       0
       0
       0
       0
       0
       0
       0
       1
       0
       0
       0
       0
       0
       0
       0
       0
       0
       0
       0
       0
       0
       0
       0
       0
       0
       0
       0
       0
       0
       0
       0
       0
       0
       0
       0
       0
       0
       0
       0
       0
       0
       0
       0
       0
       0
       0
       0
       0
       0
       0
       0
       0
       0
       0
       0
       0
       0
       0
       1
       0
       0
       0
       0
       0
       0
       0
       0
       0
       0
       0
       0
       0
       0
       0
       0
       0
       0
       0
       0
       0
       0
       0
       0
       0
       0
       0
       0
       1
       1
       0
       0
       0
       0
       1
       0
       0
       0
       0
       0
       0
       0
       0
       0
       0
       0
       0
       0
       0
       0
       0
       0
       1
       0
       0
       0
       0
       0
       0
       0
       0
       0
       0
       0
       0
       0
       0
       0
       0
       0
       0
       0
       0
       0
       1
       1
       0
       0
       1
       0
       0
       0
       0
       0
       0
       0
       0
       0
       0
       0
       0
       0
       0
       0
       0
       0
       0
       0
       0
       1
       0
       0
       0
       0
       0
       0
       0
       0
       0
       0
       0
       0
       0
       0
       0
       0
       0
       0
       0
       0
       0
       0
       0
       0
       0
       1
       0
       0
       0
       0
       0
       1
       0
       0
       0
       0
       0
       0
       0
       0
       0
       0
       0
       0
       0
       0
       1
       1
       0
       0
       0
       6
       2
       0
       2
       3
       5
       2
       0
       5
       1
       1
       3
       0
       2
       1
       3
       4
       5
       1
       0
       4
       2
       1
$ROI:
2
527 577
592 655
$PRESETS:
Real Time
180
0
$ENER_FIT:
0.000000 4.558620
$MCA_CAL:
3
0.000000E+000 4.558620E+000 0.000000E+000 keV
$SHAPE_CAL:
3
0.000000E+000 0.000000E+000 0.000000E+000
