$SPEC_ID:
No sample description was entered.
$SPEC_REM:
DET# 1
DETDESC# MODERNPHYSICSGX MCB 1
AP# Maestro Version 6.08
$DATE_MEA:
09/29/2010 11:43:58
$MEAS_TIM:
179 180
$DATA:
0 1023
       0
       0
       0
       0
       0
       0
       0
       0
       0
       0
       0
       0
       0
       0
       0
       0
       0
       0
       0
       0
       0
       0
       0
       0
       0
       0
       0
       0
       0
       0
       0
       0
       0
       0
       0
       0
       0
       0
       0
       0
       0
       0
       0
       1
     345
     611
     600
     600
     640
     622
     653
     629
     578
     557
     522
     531
     545
     536
     527
     506
     503
     540
     535
     475
     456
     479
     426
     442
     443
     444
     436
     416
     431
     423
     417
     402
     404
     352
     389
     388
     387
     352
     360
     364
     350
     322
     324
     309
     295
     298
     298
     321
     319
     303
     333
     324
     305
     296
     330
     328
     358
     399
     358
     421
     428
     436
     459
     475
     514
     541
     516
     569
     540
     586
     574
     548
     599
     581
     582
     570
     609
     584
     540
     530
     514
     476
     482
     464
     421
     391
     375
     302
     305
     315
     290
     278
     282
     284
     308
     325
     349
     380
     403
     423
     470
     468
     476
     415
     348
     279
     247
     164
     136
      87
      61
      32
      22
      20
      14
       7
      10
       3
       3
       8
       4
       8
       8
       4
       9
       3
       4
       5
       6
       6
       7
       1
       6
       6
       6
       3
       3
       6
       4
       3
       5
       6
       2
       4
       6
       4
       5
       6
       6
       6
       2
       4
       5
       1
       5
       3
       4
       6
       6
       5
       2
       5
       3
       4
       4
       7
       2
       4
       3
       3
       2
       1
       6
       3
       1
       3
       2
       1
       4
       5
       4
       8
       3
       2
       6
       3
       3
       2
       3
       6
       7
       2
       6
       6
       6
       4
       3
       4
       2
       4
       3
       1
       5
       2
       0
       2
       1
       0
       2
       5
       1
       5
       2
       4
       1
       3
       3
       1
       4
       3
       6
       1
       3
       2
       1
       1
       2
       0
       1
       0
       3
       2
       6
       0
       3
       2
       0
       2
       1
       2
       2
       4
       3
       4
       1
       3
       0
       2
       7
       0
       2
       1
       3
       2
       1
       4
       2
       1
       0
       4
       0
       3
       0
       3
       1
       1
       1
       2
       2
       0
       1
       0
       2
       0
       1
       0
       1
       1
       1
       0
       1
       0
       1
       1
       1
       2
       0
       0
       0
       1
       0
       0
       0
       0
       0
       0
       2
       3
       0
       1
       1
       1
       0
       0
       4
       0
       0
       0
       0
       2
       1
       3
       0
       1
       1
       1
       3
       1
       2
       2
       1
       2
       0
       1
       0
       0
       1
       1
       1
       0
       1
       1
       2
       1
       0
       0
       1
       0
       0
       1
       0
       1
       1
       1
       0
       0
       0
       1
       1
       1
       0
       1
       0
       0
       0
       1
       1
       0
       0
       0
       0
       0
       0
       0
       0
       0
       1
       1
       0
       0
       1
       0
       0
       0
       0
       0
       0
       1
       0
       1
       0
       0
       2
       0
       0
       0
       0
       0
       1
       0
       0
       1
       0
       1
       2
       0
       0
       1
       1
       0
       2
       0
       0
       1
       0
       1
       1
       0
       1
       1
       0
       0
       0
       1
       0
       1
       0
       0
       0
       0
       0
       0
       0
       0
       0
       0
       0
       0
       0
       0
       0
       0
       0
       0
       1
       0
       0
       0
       0
       0
       0
       1
       0
       0
       0
       0
       0
       0
       0
       0
       0
       0
       0
       1
       0
       0
       1
       0
       0
       0
       0
       0
       0
       0
       0
       0
       2
       0
       0
       0
       0
       0
       0
       0
       0
       1
       0
       0
       0
       0
       0
       0
       0
       0
       0
       0
       0
       0
       0
       0
       1
       1
       0
       0
       0
       0
       0
       0
       0
       0
       0
       0
       0
       0
       0
       0
       0
       0
       0
       0
       0
       0
       0
       0
       0
       0
       0
       0
       0
       0
       0
       0
       0
       0
       0
       0
       0
       1
       0
       0
       0
       0
       0
       0
       0
       0
       0
       0
       0
       0
       0
       0
       0
       1
       1
       0
       0
       0
       0
       0
       0
       0
       0
       0
       0
       0
       0
       0
       0
       0
       0
       0
       0
       0
       0
       0
       0
       0
       0
       1
       0
       0
       0
       0
       0
       0
       0
       0
       0
       0
       0
       0
       0
       0
       0
       0
       0
       0
       0
       0
       1
       0
       1
       0
       0
       0
       0
       0
       0
       0
       0
       0
       0
       0
       0
       0
       0
       0
       0
       0
       0
       0
       1
       0
       0
       0
       0
       0
       0
       0
       0
       0
       0
       1
       0
       0
       0
       0
       0
       0
       0
       1
       0
       0
       0
       0
       0
       0
       0
       0
       0
       0
       0
       0
       0
       0
       0
       0
       0
       0
       0
       0
       0
       0
       0
       0
       1
       0
       0
       0
       0
       0
       0
       0
       0
       0
       0
       0
       0
       0
       0
       0
       0
       0
       0
       0
       0
       0
       0
       0
       0
       0
       0
       0
       0
       0
       0
       0
       0
       0
       0
       0
       0
       0
       0
       0
       0
       0
       0
       0
       0
       0
       0
       0
       0
       0
       0
       0
       0
       0
       0
       0
       0
       0
       0
       0
       0
       0
       0
       0
       0
       0
       0
       0
       0
       0
       0
       0
       0
       0
       0
       0
       0
       0
       0
       0
       0
       0
       0
       0
       0
       1
       0
       0
       0
       0
       0
       0
       0
       1
       1
       0
       0
       0
       0
       0
       0
       0
       0
       0
       0
       0
       0
       0
       0
       0
       0
       0
       0
       0
       0
       0
       0
       0
       0
       0
       0
       0
       0
       0
       0
       0
       1
       0
       0
       0
       0
       0
       0
       0
       0
       0
       0
       0
       0
       0
       0
       0
       0
       1
       0
       0
       0
       0
       0
       0
       0
       0
       0
       0
       0
       0
       0
       0
       0
       0
       0
       0
       0
       0
       0
       0
       0
       0
       0
       0
       0
       0
       0
       0
       0
       0
       0
       0
       0
       0
       0
       0
       0
       0
       0
       0
       0
       0
       0
       1
       0
       0
       0
       0
       0
       0
       0
       0
       0
       0
       0
       0
       0
       0
       0
       0
       0
       0
       0
       0
       0
       0
       0
       0
       0
       0
       0
       0
       0
       0
       0
       0
       0
       0
       0
       0
       0
       0
       0
       0
       0
       0
       0
       0
       0
       0
       0
       1
       0
       2
       0
       0
       0
       0
       0
       0
       0
       0
       0
       0
       1
       0
       0
       0
       0
       0
       0
       0
       0
       0
       0
       0
       0
       0
       0
       0
       0
       0
       0
       0
       0
       1
       0
       0
       0
       0
       0
       0
       0
       0
       0
       0
       0
       0
       0
       0
       0
       0
       0
       0
       0
       0
       0
       0
       0
       0
       1
       1
       1
       0
       0
       1
       0
       4
       1
       2
       0
       3
       7
       3
       2
       2
       2
       1
       1
       2
       4
       0
       3
       2
       2
       3
       3
       1
$ROI:
2
527 577
592 655
$PRESETS:
Real Time
180
0
$ENER_FIT:
0.000000 4.558620
$MCA_CAL:
3
0.000000E+000 4.558620E+000 0.000000E+000 keV
$SHAPE_CAL:
3
0.000000E+000 0.000000E+000 0.000000E+000
