$SPEC_ID:
No sample description was entered.
$SPEC_REM:
DET# 1
DETDESC# MODERNPHYSICSGX MCB 1
AP# Maestro Version 6.08
$DATE_MEA:
09/29/2010 12:19:09
$MEAS_TIM:
179 180
$DATA:
0 1023
       0
       0
       0
       0
       0
       0
       0
       0
       0
       0
       0
       0
       0
       0
       0
       0
       0
       0
       0
       0
       0
       0
       0
       0
       0
       0
       0
       0
       0
       0
       0
       0
       0
       0
       0
       0
       0
       0
       0
       0
       0
       0
       0
       0
     273
     464
     478
     451
     482
     470
     493
     501
     504
     521
     468
     446
     425
     426
     459
     410
     435
     386
     415
     416
     367
     396
     380
     367
     340
     394
     369
     372
     396
     331
     349
     348
     363
     318
     353
     339
     321
     340
     356
     286
     342
     320
     268
     284
     285
     254
     269
     270
     291
     260
     264
     253
     277
     250
     278
     252
     278
     294
     278
     315
     285
     277
     287
     305
     291
     315
     326
     313
     375
     400
     362
     348
     440
     483
     442
     431
     469
     474
     523
     510
     482
     489
     489
     421
     409
     379
     337
     329
     314
     287
     277
     284
     289
     291
     293
     312
     345
     343
     410
     436
     471
     441
     461
     443
     373
     288
     265
     200
     141
     116
      72
      47
      27
      16
      13
      14
       9
       8
       7
       7
       1
       8
      11
       9
       2
       7
       2
       6
       6
       0
       3
       4
      10
       5
       9
       4
       5
       6
       8
       4
       8
       3
       7
       7
       3
       3
       5
       3
       3
       4
       2
       3
       2
       3
       4
       3
       7
       6
       4
       1
       5
       5
       5
       6
       5
       3
       4
       6
       4
       3
       1
       2
       2
       3
       5
       5
       3
       2
       3
       4
       2
       3
       2
       2
       5
       3
       4
       3
       1
       6
       0
       4
       4
       6
       6
       5
       3
       4
       4
       4
       1
       1
       6
       1
       3
       2
       3
       0
       1
       2
       2
       1
       3
       1
       4
       1
       2
       1
       3
       0
       3
       1
       2
       2
       0
       2
       4
       2
       0
       3
       4
       3
       2
       4
       2
       2
       0
       2
       2
       1
       1
       3
       1
       1
       1
       3
       2
       3
       0
       2
       1
       6
       3
       1
       3
       1
       1
       0
       1
       2
       3
       2
       0
       2
       2
       0
       0
       2
       1
       1
       1
       1
       2
       4
       1
       0
       1
       3
       0
       0
       0
       0
       2
       2
       0
       0
       0
       1
       1
       1
       2
       1
       2
       2
       2
       0
       1
       1
       0
       3
       0
       1
       0
       1
       2
       1
       1
       1
       2
       1
       1
       1
       1
       1
       1
       1
       1
       1
       4
       1
       0
       1
       0
       1
       1
       0
       1
       0
       2
       1
       0
       1
       1
       1
       1
       0
       1
       3
       1
       0
       1
       0
       1
       0
       0
       1
       0
       1
       0
       0
       0
       0
       1
       0
       0
       0
       0
       0
       1
       0
       0
       0
       1
       1
       1
       0
       1
       0
       0
       0
       1
       0
       0
       0
       0
       0
       0
       1
       1
       1
       0
       0
       0
       0
       0
       1
       0
       0
       0
       0
       0
       1
       1
       0
       0
       0
       0
       0
       1
       0
       0
       1
       1
       0
       1
       0
       0
       0
       0
       1
       2
       0
       0
       1
       0
       0
       0
       0
       0
       0
       0
       0
       0
       0
       0
       0
       0
       0
       1
       0
       0
       0
       0
       0
       1
       0
       0
       0
       0
       0
       0
       0
       0
       0
       0
       0
       0
       0
       0
       1
       0
       0
       0
       0
       0
       0
       0
       0
       0
       0
       0
       0
       0
       0
       0
       0
       0
       0
       0
       0
       0
       0
       0
       0
       0
       1
       0
       0
       0
       0
       0
       1
       0
       0
       0
       0
       1
       1
       0
       0
       0
       1
       0
       0
       0
       0
       0
       0
       0
       0
       0
       0
       0
       0
       0
       0
       0
       0
       0
       0
       0
       0
       0
       0
       0
       0
       0
       0
       0
       0
       0
       0
       0
       0
       0
       0
       0
       0
       0
       0
       0
       1
       0
       0
       0
       0
       0
       0
       0
       0
       0
       0
       0
       0
       0
       0
       0
       0
       0
       0
       0
       0
       0
       0
       0
       0
       0
       0
       0
       1
       1
       0
       0
       0
       0
       0
       0
       0
       0
       0
       0
       0
       0
       0
       0
       0
       1
       0
       0
       0
       0
       0
       0
       1
       0
       0
       0
       0
       1
       0
       0
       0
       0
       0
       0
       0
       0
       0
       0
       0
       0
       0
       0
       0
       0
       0
       0
       0
       0
       0
       0
       0
       0
       0
       1
       0
       0
       0
       0
       0
       0
       0
       0
       0
       0
       0
       0
       0
       0
       0
       0
       0
       0
       0
       0
       0
       0
       0
       0
       0
       0
       0
       0
       0
       0
       0
       0
       0
       0
       0
       0
       0
       0
       0
       0
       0
       0
       0
       0
       0
       0
       0
       0
       0
       0
       0
       0
       0
       0
       0
       0
       0
       0
       0
       0
       0
       0
       0
       0
       0
       0
       0
       0
       0
       0
       0
       0
       0
       0
       0
       0
       0
       0
       0
       0
       0
       0
       0
       0
       0
       0
       0
       1
       0
       0
       0
       0
       0
       0
       0
       0
       0
       0
       0
       0
       1
       0
       0
       0
       0
       0
       0
       0
       0
       0
       0
       0
       0
       0
       0
       0
       0
       0
       0
       0
       0
       0
       0
       0
       0
       0
       0
       0
       0
       0
       0
       0
       0
       0
       0
       0
       0
       0
       0
       0
       0
       0
       0
       1
       0
       0
       0
       0
       0
       0
       0
       0
       0
       0
       0
       0
       0
       0
       0
       0
       0
       0
       0
       0
       0
       0
       0
       0
       0
       0
       0
       0
       0
       0
       0
       0
       0
       0
       0
       0
       0
       0
       0
       0
       0
       0
       0
       0
       0
       0
       0
       0
       0
       0
       0
       0
       0
       0
       0
       0
       0
       0
       0
       0
       0
       0
       0
       0
       0
       0
       0
       0
       0
       0
       0
       0
       0
       0
       0
       0
       0
       0
       0
       0
       1
       0
       0
       0
       0
       0
       0
       0
       0
       0
       0
       0
       1
       0
       0
       0
       0
       0
       0
       1
       0
       0
       0
       0
       0
       0
       0
       0
       0
       0
       0
       0
       0
       0
       0
       0
       0
       0
       0
       1
       0
       0
       0
       0
       0
       0
       0
       0
       0
       0
       0
       0
       0
       0
       0
       0
       0
       0
       0
       0
       0
       0
       0
       0
       0
       0
       0
       0
       0
       0
       0
       0
       0
       0
       0
       0
       0
       0
       0
       0
       0
       0
       0
       0
       0
       0
       0
       0
       1
       0
       0
       0
       0
       0
       0
       0
       0
       0
       1
       0
       0
       0
       0
       0
       1
       0
       0
       0
       0
       0
       0
       0
       0
       0
       0
       0
       0
       0
       2
       1
       1
       0
       1
       2
       1
       0
       1
       2
       2
       0
       0
       2
       3
       2
       1
       2
       1
       1
       3
       1
       0
$ROI:
2
527 577
592 655
$PRESETS:
Real Time
180
0
$ENER_FIT:
0.000000 4.558620
$MCA_CAL:
3
0.000000E+000 4.558620E+000 0.000000E+000 keV
$SHAPE_CAL:
3
0.000000E+000 0.000000E+000 0.000000E+000
